0.jpg 0 58 54 12 80 57 47 61 5 48 81 99 94 56 91 45 86 18 78 85 
1.jpg 1 634 667 672 602 624 608 610 643 620 669 629 626 618 616 637 662 621 655 635 
2.jpg 2 82 64 99 5 47 61 58 54 12 80 81 94 91 56 48 45 57 67 37 
3.jpg 3 42 75 99 5 81 91 43 83 55 45 23 64 20 32 72 82 2 24 38 
4.jpg 4 89 31 51 90 28 212 260 282 210 153 247 254 255 217 240 269 226 225 284 
5.jpg 5 47 61 58 54 12 80 57 60 37 48 81 99 94 56 91 45 67 78 85 
6.jpg 6 56 5 58 47 54 61 12 80 48 94 99 81 57 91 45 86 18 67 78 
7.jpg 7 91 43 99 83 55 45 81 5 58 47 54 61 12 57 80 94 48 56 67 
8.jpg 8 47 5 61 58 54 12 80 60 57 37 48 99 81 94 56 67 59 91 45 
9.jpg 9 99 83 91 55 43 45 81 5 58 47 54 61 12 57 80 94 48 56 67 
10.jpg 10 54 58 12 80 47 5 61 57 37 60 50 67 59 99 48 81 91 94 56 
11.jpg 11 94 5 47 58 61 54 12 80 48 56 81 99 57 91 45 86 18 85 78 
12.jpg 12 80 58 54 57 47 5 61 60 37 48 81 99 94 56 91 45 67 78 85 
13.jpg 13 87 94 58 47 5 61 54 12 80 48 56 81 99 57 45 91 85 18 86 
14.jpg 14 89 4 31 51 90 28 212 260 282 153 210 254 255 247 217 240 269 226 580 
15.jpg 15 54 58 80 12 57 61 47 5 37 60 50 48 81 99 91 94 56 45 67 
16.jpg 16 193 199 162 175 144 145 181 147 171 114 196 149 161 159 173 134 143 183 170 
17.jpg 17 67 37 80 12 58 54 5 47 61 57 99 48 81 56 94 45 91 86 18 
18.jpg 18 56 48 58 80 12 5 54 47 61 94 81 99 57 45 91 86 78 85 67 
19.jpg 19 97 96 2 5 99 47 61 58 54 12 80 91 94 56 81 48 57 45 67 
20.jpg 20 32 82 67 37 59 99 5 47 66 58 12 80 54 61 91 94 81 45 56 
21.jpg 21 66 83 72 5 99 91 43 55 32 45 67 20 82 23 42 75 81 47 2 
22.jpg 22 32 82 67 20 99 83 43 91 55 5 66 72 23 42 75 64 2 24 38 
23.jpg 23 99 5 47 61 58 54 12 80 57 81 48 94 56 91 45 86 18 67 78 
24.jpg 24 42 75 64 99 23 83 43 91 5 55 81 45 20 38 32 72 82 2 66 
25.jpg 25 47 5 61 58 54 12 80 57 99 81 48 94 56 91 45 86 18 67 78 
26.jpg 26 67 37 59 82 80 12 5 47 58 54 61 99 57 60 50 81 48 91 94 
27.jpg 27 22 32 20 82 99 23 83 43 91 55 42 75 64 5 72 2 24 38 66 
28.jpg 28 4 89 31 51 90 212 260 282 210 153 247 254 255 217 240 269 226 225 284 
29.jpg 29 40 41 83 99 91 55 43 45 81 42 38 75 23 20 32 39 22 24 64 
30.jpg 30 89 51 31 4 212 260 282 210 90 153 247 254 255 28 217 240 269 226 225 
31.jpg 31 51 89 4 90 28 212 260 282 210 153 247 254 255 217 240 269 226 225 284 
32.jpg 32 20 82 67 37 59 99 5 47 66 58 12 80 54 61 91 94 81 45 56 
33.jpg 33 36 67 37 80 12 58 54 47 5 61 57 60 50 59 99 48 81 56 94 
34.jpg 34 53 94 5 47 58 56 54 12 80 61 48 86 99 81 91 45 57 67 18 
35.jpg 35 82 32 20 67 37 59 99 5 47 66 58 80 12 54 61 91 45 81 57 
36.jpg 36 80 12 37 54 58 57 47 5 61 60 50 67 59 99 48 81 56 94 91 
37.jpg 37 67 80 12 58 54 47 5 61 57 60 48 99 81 94 56 45 91 78 85 
38.jpg 38 83 99 42 43 91 55 75 23 5 81 45 20 32 72 66 64 82 2 24 
39.jpg 39 38 83 55 99 43 91 42 75 23 20 24 41 32 40 29 22 64 82 81 
40.jpg 40 41 29 83 99 91 55 43 45 81 42 38 75 23 20 32 39 22 24 64 
41.jpg 41 40 29 83 99 91 55 43 45 81 42 38 75 23 20 32 39 22 24 64 
42.jpg 42 75 99 5 91 43 83 81 55 45 23 64 20 32 72 82 2 66 38 24 
43.jpg 43 99 91 5 83 55 45 81 58 47 54 61 12 57 80 94 56 48 67 37 
44.jpg 44 94 5 56 58 47 12 80 54 48 61 99 81 91 86 45 57 18 85 78 
45.jpg 45 81 99 91 5 58 47 61 54 12 57 80 48 56 94 86 18 78 85 67 
46.jpg 46 45 81 99 91 43 83 55 5 75 42 23 64 2 82 20 32 72 66 38 
47.jpg 47 5 61 58 54 12 80 57 60 37 48 81 99 94 56 91 45 67 78 85 
48.jpg 48 58 12 80 54 57 47 5 61 81 99 56 94 91 45 86 18 78 85 67 
49.jpg 49 99 5 47 58 61 54 12 80 57 81 48 56 94 91 45 86 18 67 78 
50.jpg 50 54 58 12 80 57 37 47 61 5 60 48 81 99 91 94 56 45 67 59 
51.jpg 51 31 89 4 90 28 212 260 282 210 153 247 254 255 217 240 269 226 225 284 
52.jpg 52 5 47 61 58 54 12 57 80 60 37 50 99 81 91 48 45 94 56 67 
53.jpg 53 94 5 47 58 61 54 12 80 56 48 81 99 91 86 45 57 67 18 78 
54.jpg 54 58 12 80 57 47 5 61 60 37 48 81 99 94 56 91 45 67 78 85 
55.jpg 55 83 99 91 43 45 81 5 58 47 54 61 12 57 80 94 56 48 67 37 
56.jpg 56 58 5 47 61 54 12 80 48 94 81 99 57 91 45 86 18 78 85 67 
57.jpg 57 58 54 12 80 47 5 61 60 37 48 81 99 94 56 91 45 67 78 85 
58.jpg 58 54 12 80 57 47 5 61 60 37 48 81 99 94 56 91 45 67 78 85 
59.jpg 59 37 67 12 80 58 54 47 5 61 57 60 99 48 81 56 94 91 45 50 
60.jpg 60 47 5 61 58 54 12 80 57 37 48 81 99 94 56 91 45 67 78 85 
61.jpg 61 47 5 58 54 12 80 57 60 37 48 81 99 94 56 91 45 67 78 85 
62.jpg 62 99 5 47 58 61 54 12 80 57 81 48 94 56 91 45 86 18 85 78 
63.jpg 63 37 80 12 54 58 57 47 5 61 60 48 99 81 94 56 67 45 91 59 
64.jpg 64 75 42 99 5 91 43 83 23 81 55 45 20 32 72 82 2 66 38 24 
65.jpg 65 80 54 58 12 5 47 61 57 37 60 67 99 48 81 94 56 91 45 85 
66.jpg 66 83 91 99 43 5 55 45 81 58 47 54 61 12 57 80 94 56 67 48 
67.jpg 67 37 80 12 58 54 47 5 61 57 60 48 99 81 94 56 45 91 78 85 
68.jpg 68 839 832 849 870 857 860 852 811 868 843 850 826 877 807 855 889 861 876 879 
69.jpg 69 57 58 54 12 80 47 5 61 37 60 50 48 81 99 78 91 45 56 94 
70.jpg 70 4 89 31 51 90 28 212 260 282 210 153 247 254 255 217 240 269 226 225 
71.jpg 71 225 217 210 212 226 240 255 284 285 287 203 288 298 286 281 299 270 289 228 
72.jpg 72 83 32 55 91 99 43 5 66 45 42 81 75 23 20 82 64 2 38 24 
73.jpg 73 79 31 4 51 89 90 28 212 210 260 282 153 254 255 247 217 240 226 269 
74.jpg 74 5 47 61 58 54 12 80 57 99 81 48 91 45 56 94 86 18 78 67 
75.jpg 75 42 99 5 91 43 83 81 55 45 23 64 20 32 72 82 2 66 38 24 
76.jpg 76 57 54 58 12 80 61 47 5 48 81 99 91 45 56 94 86 18 85 78 
77.jpg 77 99 23 83 43 91 5 55 42 75 81 45 20 32 82 2 64 72 66 38 
78.jpg 78 58 47 5 61 54 12 80 57 48 81 99 56 94 45 91 86 18 85 67 
79.jpg 79 73 31 4 51 89 90 28 212 210 260 282 153 254 255 247 217 240 226 269 
80.jpg 80 12 58 54 57 47 5 61 60 37 48 81 99 94 56 91 45 67 78 85 
81.jpg 81 45 99 91 5 58 47 61 54 12 57 80 48 56 94 86 18 78 85 67 
82.jpg 82 2 64 99 5 47 61 58 54 12 80 81 94 91 56 48 45 57 67 37 
83.jpg 83 55 99 91 43 45 81 5 58 47 54 61 12 57 80 94 56 48 67 37 
84.jpg 84 45 99 81 91 5 58 47 61 54 12 57 80 48 56 94 86 18 78 85 
85.jpg 85 48 80 12 58 54 57 47 61 5 81 99 56 94 45 91 86 18 78 67 
86.jpg 86 5 47 58 61 54 12 80 48 56 94 99 81 91 45 57 18 78 85 67 
87.jpg 87 13 94 58 47 5 61 54 12 80 48 56 81 99 57 45 91 85 18 86 
88.jpg 88 58 47 5 61 54 12 80 57 48 81 99 56 94 45 91 86 18 78 85 
89.jpg 89 4 31 51 90 28 212 260 282 210 153 247 254 255 217 240 269 226 225 284 
90.jpg 90 4 89 31 51 28 212 260 282 210 153 247 254 255 217 240 269 226 225 284 
91.jpg 91 99 5 47 58 61 54 12 80 57 81 48 45 56 94 86 18 78 85 67 
92.jpg 92 20 32 82 67 37 59 99 5 47 66 58 80 12 54 61 91 94 81 45 
93.jpg 93 64 75 42 99 5 91 43 81 83 23 55 45 2 47 82 94 58 54 61 
94.jpg 94 5 47 58 61 54 12 80 48 56 81 99 57 91 45 86 18 78 85 67 
95.jpg 95 40 41 29 83 91 99 55 43 45 81 38 42 75 23 20 32 39 22 24 
96.jpg 96 97 2 77 99 5 47 61 58 54 91 12 80 94 56 81 48 45 57 67 
97.jpg 97 96 2 77 99 5 47 61 58 54 91 12 80 94 56 81 48 45 57 67 
98.jpg 98 5 99 47 58 61 54 12 80 48 56 94 81 86 91 45 57 18 78 67 
99.jpg 99 5 47 58 61 54 12 80 57 81 48 56 94 91 45 86 18 78 85 67 
100.jpg 100 56 58 5 47 61 54 12 80 48 57 81 99 94 91 45 86 18 78 85 
101.jpg 101 270 239 228 241 242 215 205 280 293 278 248 243 272 222 238 204 229 219 202 
102.jpg 102 115 180 107 193 162 175 199 144 145 181 147 171 114 196 149 161 173 134 159 
103.jpg 103 165 123 118 117 209 114 134 175 173 181 142 199 144 125 145 147 193 162 159 
104.jpg 104 44 80 85 48 12 58 54 5 47 61 56 94 81 99 57 91 45 86 18 
105.jpg 105 47 5 58 61 54 12 80 57 37 60 48 81 99 94 56 67 45 91 78 
106.jpg 106 54 58 61 47 5 12 80 57 99 81 48 56 94 91 45 86 18 78 85 
107.jpg 107 180 193 162 175 199 144 145 181 147 171 114 196 149 161 159 173 134 183 143 
108.jpg 108 21 66 5 47 58 67 99 12 54 80 61 91 45 56 94 81 48 86 57 
109.jpg 109 110 32 72 83 91 55 43 99 5 66 45 42 81 75 23 20 82 64 2 
110.jpg 110 32 72 83 55 91 43 99 66 5 45 42 81 75 23 20 82 64 2 38 
111.jpg 111 36 37 67 80 12 58 54 5 47 61 57 60 50 59 99 48 56 94 81 
112.jpg 112 101 168 113 246 634 290 545 623 124 179 157 1 223 379 723 790 312 645 801 
113.jpg 113 878 889 880 192 149 127 184 122 117 846 834 135 161 157 180 179 175 162 193 
114.jpg 114 134 175 193 199 181 147 145 144 162 171 149 196 161 159 173 143 183 170 200 
115.jpg 115 127 184 122 193 139 180 162 199 175 144 181 147 145 171 149 114 174 161 196 
116.jpg 116 121 165 123 118 117 114 134 175 181 199 193 144 145 147 173 149 159 162 171 
117.jpg 117 118 209 210 208 207 203 173 134 125 175 114 142 200 181 147 199 144 145 193 
118.jpg 118 117 209 210 208 207 203 173 134 125 175 114 142 200 181 147 199 144 145 193 
119.jpg 119 139 127 122 184 193 149 192 199 175 162 181 171 147 145 144 114 161 196 159 
120.jpg 120 129 151 197 128 196 193 175 171 147 181 199 162 145 149 144 161 114 173 134 
121.jpg 121 118 123 165 117 114 134 181 175 209 142 173 199 144 145 193 147 125 162 149 
122.jpg 122 127 184 193 139 180 162 175 199 144 181 145 147 171 149 174 114 161 196 134 
123.jpg 123 118 117 209 210 208 207 203 173 134 125 114 175 142 200 181 147 199 144 145 
124.jpg 124 179 157 113 246 634 290 623 545 1 223 379 723 790 312 645 667 801 967 906 
125.jpg 125 173 134 117 118 209 175 114 138 142 181 199 144 145 147 193 149 162 159 200 
126.jpg 126 144 145 199 193 175 162 181 171 147 185 174 114 196 149 161 159 173 134 143 
127.jpg 127 122 184 193 139 180 162 175 199 144 181 145 147 171 149 174 114 161 196 134 
128.jpg 128 197 196 193 175 147 171 181 199 162 145 144 149 161 114 173 134 159 183 143 
129.jpg 129 289 298 288 287 284 286 285 281 203 255 299 270 280 239 241 228 215 204 222 
130.jpg 130 193 175 196 199 162 147 171 181 145 144 149 161 114 159 173 134 143 183 170 
131.jpg 131 140 144 145 199 181 175 193 162 171 147 185 174 126 122 142 114 149 196 161 
132.jpg 132 177 144 199 181 145 175 193 162 147 171 185 174 114 142 134 149 173 161 196 
133.jpg 133 114 193 175 199 162 147 181 171 145 144 196 149 161 159 173 134 143 183 170 
134.jpg 134 114 175 193 199 181 147 145 144 162 171 149 196 161 159 173 143 183 170 200 
135.jpg 135 181 171 175 147 145 199 144 193 162 149 161 196 114 159 143 173 134 183 142 
136.jpg 136 180 162 193 175 199 144 145 181 147 171 114 196 149 161 159 173 134 183 143 
137.jpg 137 174 181 144 145 199 175 193 162 171 147 185 114 196 149 161 159 173 134 143 
138.jpg 138 117 173 134 125 118 209 175 114 142 181 199 144 145 147 193 149 162 159 200 
139.jpg 139 122 127 184 193 180 162 175 199 144 181 145 147 171 149 174 114 161 196 134 
140.jpg 140 144 199 193 175 162 145 181 147 171 196 149 161 114 159 173 134 143 183 200 
141.jpg 141 144 199 145 181 175 193 162 147 171 196 114 149 161 159 173 134 143 183 200 
142.jpg 142 181 175 145 144 199 147 193 162 171 114 196 149 161 159 173 134 143 183 200 
143.jpg 143 181 147 171 175 145 199 193 144 162 196 114 149 161 159 173 134 183 170 200 
144.jpg 144 145 199 181 175 193 162 147 171 196 114 149 161 159 173 134 143 183 170 200 
145.jpg 145 144 199 181 175 193 162 147 171 196 114 149 161 159 173 134 143 183 170 200 
146.jpg 146 31 4 51 89 90 28 212 260 282 210 153 247 254 255 217 240 269 226 223 
147.jpg 147 181 171 175 145 199 193 162 144 196 114 149 161 159 173 134 143 183 170 200 
148.jpg 148 122 127 184 193 149 162 175 199 181 147 171 145 144 161 196 114 173 159 134 
149.jpg 149 161 162 175 193 199 181 147 171 145 144 196 114 159 173 134 143 183 170 200 
150.jpg 150 173 149 161 175 193 162 199 181 147 171 145 144 196 114 159 134 143 183 170 
151.jpg 151 183 171 181 147 175 193 162 199 145 144 196 149 161 114 159 173 134 143 200 
152.jpg 152 173 125 134 175 209 117 114 118 138 181 147 199 144 145 193 149 159 162 161 
153.jpg 153 89 4 31 51 90 212 260 282 28 210 247 254 255 217 240 269 226 225 284 
154.jpg 154 121 118 123 165 117 114 134 181 175 199 193 144 145 147 173 209 142 125 162 
155.jpg 155 117 118 209 210 208 207 203 173 134 125 175 114 142 200 181 147 199 144 145 
156.jpg 156 181 147 171 175 193 199 162 145 144 196 149 161 114 159 173 134 143 183 200 
157.jpg 157 179 124 113 246 634 290 623 545 1 223 379 723 790 312 645 667 801 967 906 
158.jpg 158 140 127 122 193 184 139 174 199 144 181 175 162 145 147 171 149 114 196 161 
159.jpg 159 149 161 175 162 193 199 181 147 145 171 144 196 114 173 134 143 183 170 200 
160.jpg 160 193 175 162 199 144 145 181 147 171 196 114 149 161 159 173 134 143 183 200 
161.jpg 161 149 162 175 193 199 181 147 171 145 144 196 114 159 173 134 143 183 170 200 
162.jpg 162 175 193 199 144 145 181 147 171 196 114 149 161 159 173 134 143 183 170 200 
163.jpg 163 102 115 180 107 193 162 175 199 144 145 181 147 171 114 196 149 161 173 134 
164.jpg 164 571 552 540 577 573 563 556 525 537 519 545 569 546 538 580 504 527 542 560 
165.jpg 165 123 118 117 209 114 134 175 173 181 142 199 144 125 145 147 193 162 149 159 
166.jpg 166 176 177 181 199 144 145 175 193 162 171 147 114 196 149 161 159 134 173 143 
167.jpg 167 131 140 162 193 175 199 144 145 181 171 147 174 185 122 126 180 142 135 114 
168.jpg 168 113 246 545 290 634 124 179 157 623 1 223 379 723 790 312 645 801 667 967 
169.jpg 169 181 147 171 175 145 193 199 162 144 196 114 149 161 159 173 134 143 183 200 
170.jpg 170 864 899 806 829 818 824 895 889 880 893 878 811 850 849 860 852 870 861 807 
171.jpg 171 181 147 175 145 199 193 162 144 196 114 149 161 159 173 134 143 183 170 200 
172.jpg 172 241 242 248 239 272 278 293 205 243 215 280 228 222 238 204 229 219 202 224 
173.jpg 173 125 134 117 118 209 175 114 138 142 181 199 144 145 147 193 149 162 159 200 
174.jpg 174 181 145 144 199 175 193 162 147 171 114 196 149 161 159 173 134 143 183 200 
175.jpg 175 193 162 199 144 145 181 147 171 196 114 149 161 159 173 134 143 183 170 200 
176.jpg 176 177 139 122 127 193 199 181 175 144 145 162 174 171 147 114 149 134 142 173 
177.jpg 177 123 139 176 181 199 144 175 193 145 114 147 162 171 174 142 134 173 149 117 
178.jpg 178 188 198 175 197 134 193 196 199 147 181 171 162 145 144 149 114 173 161 159 
179.jpg 179 157 124 113 246 634 290 623 545 1 223 379 723 790 312 645 667 801 967 906 
180.jpg 180 162 193 175 199 144 145 181 147 171 114 196 149 161 159 173 134 183 143 170 
181.jpg 181 147 171 175 145 199 193 162 144 196 114 149 161 159 173 134 143 183 170 200 
182.jpg 182 171 183 181 147 175 193 162 199 145 144 196 149 161 114 159 173 134 143 170 
183.jpg 183 171 181 147 175 193 162 199 145 144 196 149 161 114 159 173 134 143 170 200 
184.jpg 184 127 122 193 139 180 162 175 199 144 181 145 147 171 149 174 114 161 196 134 
185.jpg 185 145 144 199 181 175 193 162 171 147 196 114 149 161 159 173 134 143 183 170 
186.jpg 186 196 193 175 199 162 147 171 181 145 144 149 161 114 159 173 134 143 183 170 
187.jpg 187 188 197 175 193 196 171 147 162 199 181 145 144 149 114 161 159 173 134 183 
188.jpg 188 198 175 162 193 199 181 144 145 147 171 196 114 149 161 159 173 134 183 143 
189.jpg 189 154 118 134 114 117 173 175 209 181 199 144 145 193 147 149 162 159 161 171 
190.jpg 190 174 145 144 181 199 175 193 162 171 147 185 196 114 149 161 159 173 134 143 
191.jpg 191 176 165 123 177 139 181 199 114 193 175 144 145 162 147 171 174 142 134 117 
192.jpg 192 878 889 880 899 895 811 849 832 870 860 852 850 868 843 855 876 891 879 866 
193.jpg 193 196 175 162 199 147 171 181 145 144 114 149 161 159 173 134 143 183 170 200 
194.jpg 194 173 183 171 175 181 147 193 199 162 145 144 149 161 196 114 159 134 143 170 
195.jpg 195 876 891 852 870 849 811 850 860 868 843 826 807 877 855 889 861 878 819 856 
196.jpg 196 193 175 162 199 147 171 181 145 144 114 149 161 159 173 134 143 183 170 200 
197.jpg 197 149 175 193 196 147 171 181 162 199 145 144 161 114 159 173 134 183 143 200 
198.jpg 198 188 175 162 193 199 181 144 145 147 171 196 114 149 161 159 173 134 183 143 
199.jpg 199 144 145 181 175 193 162 147 171 196 114 149 161 159 173 134 143 183 170 200 
200.jpg 200 203 284 287 288 298 286 285 255 281 299 289 270 280 239 241 228 215 204 222 
201.jpg 201 254 255 284 273 287 285 286 288 298 203 299 281 270 289 239 228 241 280 215 
202.jpg 202 219 241 278 239 242 248 272 293 205 215 280 243 222 228 204 238 229 224 298 
203.jpg 203 222 215 205 241 239 242 248 278 293 272 243 280 228 204 238 219 229 202 224 
204.jpg 204 222 203 215 205 241 239 228 242 278 248 293 272 243 280 238 219 229 202 224 
205.jpg 205 215 222 241 242 239 248 278 293 272 243 280 228 238 204 229 219 202 224 298 
206.jpg 206 211 216 243 244 205 272 242 248 239 241 215 293 278 280 222 228 238 204 229 
207.jpg 207 208 210 203 217 240 212 255 285 284 254 226 287 273 225 258 288 298 286 270 
208.jpg 208 207 210 203 217 240 212 255 285 284 254 226 287 273 225 258 288 298 286 270 
209.jpg 209 210 207 208 203 217 240 212 255 285 226 284 254 287 273 225 258 247 269 260 
210.jpg 210 217 203 222 207 208 240 212 285 255 284 226 254 287 288 286 298 281 270 289 
211.jpg 211 206 216 243 244 205 272 242 248 239 241 215 293 278 280 222 228 238 204 229 
212.jpg 212 210 217 203 240 255 285 284 287 226 286 288 298 281 299 270 289 228 239 241 
213.jpg 213 211 206 216 243 244 205 272 242 248 239 241 215 293 278 280 222 228 238 204 
214.jpg 214 205 215 242 241 239 248 272 243 278 293 280 228 222 204 238 229 219 202 224 
215.jpg 215 205 222 241 242 239 248 278 293 272 243 280 228 238 204 229 219 202 224 298 
216.jpg 216 211 206 243 244 205 272 242 248 239 241 215 293 278 280 222 228 238 204 229 
217.jpg 217 210 203 222 207 208 240 212 285 255 284 226 254 287 288 286 298 281 270 289 
218.jpg 218 261 238 230 228 239 241 229 222 204 219 278 293 215 242 248 272 205 280 243 
219.jpg 219 202 241 278 239 242 248 272 293 205 215 280 243 222 228 204 238 229 224 298 
220.jpg 220 242 241 248 272 239 205 243 278 293 215 280 228 222 204 238 229 219 202 224 
221.jpg 221 282 260 89 51 31 4 212 210 90 153 28 254 255 247 217 240 269 226 580 
222.jpg 222 203 215 205 241 239 242 248 278 293 272 243 280 228 204 238 219 229 202 224 
223.jpg 223 276 217 210 212 240 226 255 285 284 203 287 254 273 225 258 247 269 228 230 
224.jpg 224 215 205 242 241 239 248 278 272 293 280 243 228 222 204 238 229 219 202 298 
225.jpg 225 258 226 284 255 287 273 217 285 203 288 298 286 299 281 270 289 228 239 241 
226.jpg 226 255 284 287 285 286 288 298 203 281 299 270 289 239 228 241 280 204 215 222 
227.jpg 227 244 243 205 239 242 248 272 241 215 293 278 280 228 222 238 204 229 219 202 
228.jpg 228 239 241 242 248 272 278 293 243 205 215 280 222 238 204 229 219 202 224 298 
229.jpg 229 222 238 241 239 228 278 204 215 242 248 205 293 272 243 280 219 202 224 298 
230.jpg 230 238 261 228 239 241 229 222 204 219 278 215 242 248 293 272 205 280 243 202 
231.jpg 231 238 230 261 228 239 241 229 222 204 219 278 215 242 248 293 272 205 280 243 
232.jpg 232 272 248 242 241 239 278 293 243 205 215 280 228 222 238 204 229 219 202 224 
233.jpg 233 266 237 265 262 243 254 255 284 273 258 239 228 270 299 298 287 288 203 241 
234.jpg 234 267 240 230 261 238 228 239 241 229 222 204 219 278 293 215 242 248 272 205 
235.jpg 235 200 203 284 287 288 285 286 298 255 281 299 289 270 280 239 241 228 215 204 
236.jpg 236 258 284 287 255 288 298 286 285 281 203 299 270 289 239 228 241 280 202 215 
237.jpg 237 262 243 239 228 241 238 242 248 272 278 293 205 215 280 222 204 229 219 202 
238.jpg 238 261 230 228 239 241 229 222 204 219 278 215 242 248 293 272 205 280 243 202 
239.jpg 239 228 241 242 248 272 278 293 243 205 215 280 222 238 204 229 219 202 224 298 
240.jpg 240 230 261 238 228 239 241 229 222 204 219 278 293 215 242 248 272 205 280 243 
241.jpg 241 242 248 239 272 278 293 205 243 215 280 228 222 238 204 229 219 202 224 298 
242.jpg 242 241 248 239 272 278 293 205 243 215 280 228 222 238 204 229 219 202 224 298 
243.jpg 243 239 228 241 242 248 272 278 293 205 215 280 222 238 204 229 219 202 224 298 
244.jpg 244 243 239 228 241 242 248 272 205 215 293 278 280 222 238 204 229 219 202 224 
245.jpg 245 942 943 979 975 935 971 925 988 964 941 984 940 932 959 998 983 934 962 906 
246.jpg 246 545 571 552 540 577 573 556 563 525 537 519 569 546 538 504 580 527 542 560 
247.jpg 247 225 226 210 217 212 240 255 284 285 203 287 254 273 258 288 298 286 299 270 
248.jpg 248 242 272 241 239 278 293 205 243 215 280 228 222 238 204 229 219 202 224 298 
249.jpg 249 255 284 286 287 285 288 298 281 203 299 270 289 280 239 241 228 215 204 222 
250.jpg 250 265 258 284 273 255 287 298 288 299 270 239 228 203 281 286 285 289 241 280 
251.jpg 251 203 219 202 288 298 287 284 286 285 281 289 299 255 270 239 241 228 280 215 
252.jpg 252 202 219 241 278 239 293 242 248 272 205 215 280 243 228 222 204 238 229 224 
253.jpg 253 202 219 241 278 239 293 248 242 272 205 215 280 243 222 228 204 238 229 224 
254.jpg 254 255 284 287 285 286 288 298 203 281 299 270 289 239 228 241 280 215 204 222 
255.jpg 255 284 287 285 286 288 298 203 281 299 289 270 280 239 241 228 215 204 222 202 
256.jpg 256 292 255 283 249 286 294 280 241 238 239 228 243 284 270 298 288 281 299 287 
257.jpg 257 49 64 75 99 42 23 5 91 43 83 72 20 55 32 82 2 24 38 66 
258.jpg 258 284 255 287 288 298 286 285 281 203 299 270 289 239 228 241 280 202 215 219 
259.jpg 259 265 277 269 262 237 266 258 273 284 255 254 292 283 240 226 261 228 230 239 
260.jpg 260 282 89 51 31 4 212 90 153 28 210 247 254 255 217 240 269 226 225 284 
261.jpg 261 238 230 228 239 241 229 222 204 219 278 215 242 248 293 272 205 280 243 202 
262.jpg 262 237 243 239 228 241 238 242 248 272 278 293 205 215 280 222 204 229 219 202 
263.jpg 263 298 284 299 287 288 286 281 285 255 203 270 289 239 228 241 280 215 204 222 
264.jpg 264 205 215 242 241 239 248 272 278 293 243 280 228 222 238 204 229 219 202 224 
265.jpg 265 262 237 266 243 239 228 272 241 242 248 238 293 278 205 215 280 222 229 219 
266.jpg 266 265 237 262 243 239 228 272 241 242 248 238 293 278 205 215 280 222 229 219 
267.jpg 267 240 269 230 261 238 228 239 241 229 222 204 219 278 293 215 242 248 272 205 
268.jpg 268 269 255 240 284 285 287 203 217 286 288 298 281 299 289 270 228 239 241 280 
269.jpg 269 240 230 261 238 228 239 241 229 222 204 219 278 203 215 293 242 248 272 205 
270.jpg 270 239 228 241 215 242 205 280 243 293 278 248 272 222 238 204 229 219 202 298 
271.jpg 271 210 226 217 240 212 255 285 203 284 287 286 288 298 281 270 289 299 228 239 
272.jpg 272 248 242 241 239 278 293 205 243 215 280 228 222 238 204 229 219 202 224 298 
273.jpg 273 284 255 287 285 286 298 288 299 281 203 270 289 239 228 241 280 215 204 222 
274.jpg 274 240 230 238 261 228 239 241 229 219 222 204 278 293 215 242 248 272 205 280 
275.jpg 275 243 244 239 228 241 242 205 215 248 272 293 278 280 222 238 204 229 219 202 
276.jpg 276 223 217 210 212 240 226 255 285 284 203 287 254 273 225 258 247 269 228 230 
277.jpg 277 259 265 269 262 237 266 258 273 284 255 254 292 283 240 226 261 228 230 239 
278.jpg 278 241 239 228 242 248 272 293 243 205 215 280 222 238 204 229 219 202 224 298 
279.jpg 279 222 241 239 228 278 293 215 242 205 248 272 243 280 238 229 204 219 202 224 
280.jpg 280 241 242 239 248 272 278 293 205 215 243 228 222 238 204 229 219 202 224 298 
281.jpg 281 288 298 284 287 286 285 203 255 299 289 270 280 239 241 228 215 204 222 202 
282.jpg 282 260 89 51 31 4 212 90 153 28 210 247 254 255 217 240 269 226 225 284 
283.jpg 283 255 284 286 287 285 288 298 203 281 299 289 270 280 241 239 228 215 204 222 
284.jpg 284 255 287 285 286 288 298 203 281 299 289 270 280 239 241 228 215 204 222 202 
285.jpg 285 287 284 255 286 288 298 203 281 299 289 270 280 239 241 228 215 204 222 202 
286.jpg 286 288 298 287 284 285 255 203 281 299 289 270 280 239 241 228 215 204 222 202 
287.jpg 287 284 288 298 286 285 255 203 281 299 289 270 280 239 241 228 215 204 222 202 
288.jpg 288 298 284 287 286 285 255 203 281 299 289 270 280 239 241 228 215 204 222 202 
289.jpg 289 298 288 287 284 286 285 281 203 255 299 270 280 239 241 228 215 204 222 202 
290.jpg 290 246 545 634 113 124 179 157 623 1 223 379 723 790 312 645 667 801 967 906 
291.jpg 291 269 255 283 292 249 262 237 254 284 258 265 273 295 226 228 239 243 238 261 
292.jpg 292 255 284 286 287 285 288 298 281 203 299 270 289 280 239 241 228 215 204 222 
293.jpg 293 239 241 242 248 272 278 205 243 215 280 228 222 238 204 229 219 202 224 298 
294.jpg 294 280 241 239 228 238 278 293 215 242 248 272 205 243 222 229 204 219 202 298 
295.jpg 295 292 255 284 273 258 265 262 237 254 299 239 228 243 270 298 287 288 241 281 
296.jpg 296 113 179 157 124 246 634 290 623 545 1 223 379 723 790 312 645 667 801 967 
297.jpg 297 284 287 288 298 286 285 255 203 281 299 289 270 280 239 241 228 215 204 202 
298.jpg 298 288 284 287 286 285 255 203 281 299 289 270 280 239 241 228 215 204 222 202 
299.jpg 299 284 298 288 287 286 281 285 255 203 289 270 280 239 241 228 215 204 222 202 
300.jpg 300 315 322 303 318 317 310 320 313 308 327 330 302 335 316 381 361 346 306 331 
301.jpg 301 523 534 520 531 574 581 594 539 527 593 596 589 591 595 592 599 586 584 588 
302.jpg 302 330 392 340 367 310 313 320 317 327 316 381 335 308 361 399 396 331 306 332 
303.jpg 303 322 300 315 318 317 310 320 313 308 327 330 302 335 316 381 361 346 306 331 
304.jpg 304 310 308 317 320 313 316 381 327 335 306 331 361 364 332 396 307 346 334 368 
305.jpg 305 321 314 309 312 373 337 336 359 384 371 343 323 358 318 328 338 349 362 356 
306.jpg 306 308 310 317 320 313 316 381 327 335 331 364 361 332 334 396 346 307 368 399 
307.jpg 307 308 320 317 310 313 316 306 331 327 335 361 381 396 364 332 334 346 368 399 
308.jpg 308 310 317 320 313 316 381 306 327 335 331 364 361 332 334 396 346 307 368 399 
309.jpg 309 314 321 305 312 373 337 336 359 384 371 343 323 358 318 328 338 349 362 356 
310.jpg 310 317 320 313 308 316 381 306 327 335 331 364 361 332 334 396 346 307 368 399 
311.jpg 311 806 864 829 899 818 889 895 880 832 849 870 811 852 850 860 861 805 879 876 
312.jpg 312 309 314 321 305 373 337 336 359 384 371 343 323 358 318 328 338 349 362 356 
313.jpg 313 320 317 310 308 316 381 306 327 335 331 364 361 332 334 396 346 307 368 399 
314.jpg 314 309 321 305 312 373 337 336 359 384 371 343 323 358 318 328 338 349 362 356 
315.jpg 315 300 322 303 318 317 310 320 313 308 327 330 302 335 316 381 361 346 306 331 
316.jpg 316 320 313 317 310 308 381 306 327 335 331 364 361 332 334 396 346 307 368 399 
317.jpg 317 320 310 313 308 316 381 306 327 335 331 364 361 332 334 396 346 307 368 399 
318.jpg 318 303 322 310 317 320 313 308 330 316 327 335 302 381 361 306 331 346 307 396 
319.jpg 319 353 356 373 352 378 365 361 381 327 376 372 399 317 397 332 320 396 310 316 
320.jpg 320 313 317 310 308 316 381 306 327 335 331 364 361 332 334 396 346 307 368 399 
321.jpg 321 314 309 305 312 373 337 336 359 384 371 343 323 358 318 328 338 349 362 356 
322.jpg 322 303 300 315 318 317 310 320 313 308 327 330 302 335 316 381 361 346 306 331 
323.jpg 323 373 384 337 336 359 305 321 314 309 312 371 343 358 318 328 338 349 362 356 
324.jpg 324 348 399 327 398 372 378 365 352 361 317 381 397 396 307 320 335 310 331 316 
325.jpg 325 310 317 320 313 308 316 381 327 335 361 331 306 364 396 307 332 346 334 399 
326.jpg 326 304 310 308 317 320 313 316 327 335 306 381 330 361 331 332 364 396 346 334 
327.jpg 327 399 398 335 302 317 310 320 316 313 381 308 361 331 306 396 307 364 332 372 
328.jpg 328 330 310 313 320 317 316 308 381 327 335 302 361 306 331 364 332 346 396 334 
329.jpg 329 330 310 313 317 320 308 316 327 335 302 381 361 306 331 364 332 396 346 307 
330.jpg 330 310 313 320 317 316 308 381 327 361 306 331 335 364 332 396 334 346 368 307 
331.jpg 331 306 308 310 317 320 316 313 364 335 327 381 361 332 334 396 346 307 368 399 
332.jpg 332 316 320 317 313 310 381 308 327 306 335 364 331 361 334 396 346 307 368 399 
333.jpg 333 308 310 313 320 317 316 381 306 364 335 327 331 361 332 396 307 334 346 368 
334.jpg 334 316 320 317 310 313 308 381 306 364 331 361 327 335 332 396 346 307 368 399 
335.jpg 335 327 399 398 302 317 310 320 316 313 381 308 361 331 306 396 307 364 332 372 
336.jpg 336 337 384 359 373 305 321 314 309 312 371 343 323 358 318 328 338 349 362 356 
337.jpg 337 336 384 359 373 305 321 314 309 312 371 343 323 358 318 328 338 349 362 356 
338.jpg 338 340 388 318 310 317 320 313 330 381 316 308 377 327 302 376 335 399 361 346 
339.jpg 339 348 341 378 327 399 335 398 302 372 352 365 317 381 361 320 310 376 316 396 
340.jpg 340 367 302 330 392 310 313 320 317 327 316 381 335 308 361 399 396 331 306 332 
341.jpg 341 348 339 378 327 399 335 398 302 372 352 365 317 381 361 320 310 376 316 396 
342.jpg 342 348 399 327 378 372 352 365 361 381 376 317 320 396 310 335 316 331 332 306 
343.jpg 343 337 336 359 384 373 305 321 314 309 312 371 323 358 318 328 338 349 362 356 
344.jpg 344 385 316 313 320 310 317 381 308 306 364 332 327 335 331 361 334 396 346 368 
345.jpg 345 375 392 367 302 330 340 310 313 317 320 327 381 316 335 308 361 322 399 372 
346.jpg 346 320 317 327 316 310 313 381 308 306 335 331 364 361 332 396 334 307 368 399 
347.jpg 347 327 399 317 320 316 310 313 381 335 308 306 331 361 364 332 396 307 346 334 
348.jpg 348 399 327 398 335 378 372 365 352 361 381 317 397 396 307 320 310 331 316 306 
349.jpg 349 343 337 336 359 384 305 373 321 314 309 312 371 318 323 358 328 338 362 356 
350.jpg 350 324 348 399 327 398 302 335 317 372 320 310 313 316 381 376 352 361 365 396 
351.jpg 351 322 303 300 315 317 310 320 313 327 302 330 335 308 316 381 361 346 306 331 
352.jpg 352 365 369 361 378 381 327 399 372 317 397 396 307 320 331 310 335 306 316 308 
353.jpg 353 356 373 352 378 365 361 381 327 376 399 372 317 397 396 320 307 310 331 335 
354.jpg 354 376 352 381 317 320 310 313 316 327 399 361 396 331 372 332 365 306 308 307 
355.jpg 355 365 369 352 361 397 372 399 327 317 396 307 320 331 381 310 306 316 308 335 
356.jpg 356 353 373 352 378 365 361 381 327 376 399 372 317 397 396 320 307 310 331 335 
357.jpg 357 310 361 381 320 317 316 313 327 308 306 331 335 364 332 334 396 346 368 307 
358.jpg 358 305 371 321 314 309 312 373 336 337 359 384 343 323 318 328 338 349 362 356 
359.jpg 359 337 336 384 373 305 321 314 309 312 371 343 323 358 318 328 338 349 362 356 
360.jpg 360 397 372 365 352 369 399 327 317 396 361 307 320 381 331 310 306 316 332 308 
361.jpg 361 365 352 381 378 327 399 372 317 397 396 320 307 331 310 335 306 316 308 332 
362.jpg 362 356 353 373 352 365 378 361 381 376 327 399 372 317 397 396 320 332 310 316 
363.jpg 363 339 348 341 327 399 378 335 302 398 372 352 365 381 361 317 320 310 376 316 
364.jpg 364 316 320 313 310 317 308 306 331 335 327 381 361 332 334 396 346 307 368 399 
365.jpg 365 352 369 361 378 381 327 399 372 317 397 396 307 320 331 310 335 306 316 308 
366.jpg 366 348 342 399 327 372 378 352 365 361 381 376 317 397 396 320 307 310 335 331 
367.jpg 367 302 330 392 340 310 313 320 317 327 316 381 335 308 361 399 396 331 306 332 
368.jpg 368 364 316 320 313 310 317 308 306 331 335 327 381 361 332 334 396 346 307 399 
369.jpg 369 365 352 361 378 381 327 399 372 317 397 396 307 320 331 310 335 306 316 308 
370.jpg 370 339 341 348 378 327 399 335 398 302 372 352 365 381 361 317 320 310 376 316 
371.jpg 371 305 321 314 309 312 373 337 336 359 384 343 323 358 318 328 338 349 362 356 
372.jpg 372 397 365 352 399 327 317 361 396 307 320 381 331 310 316 306 308 335 332 346 
373.jpg 373 353 356 352 378 365 361 381 327 376 399 372 317 397 396 320 307 310 331 335 
374.jpg 374 378 365 361 352 381 327 399 372 317 397 396 320 307 331 310 335 316 306 308 
375.jpg 375 392 302 330 367 340 310 313 320 317 327 316 381 335 308 361 399 332 372 396 
376.jpg 376 352 381 317 320 310 313 316 327 361 399 396 331 372 332 306 335 308 364 307 
377.jpg 377 310 313 320 317 316 381 308 376 327 330 361 306 331 335 364 332 396 334 346 
378.jpg 378 365 361 352 381 327 399 372 317 397 396 320 307 331 310 335 306 316 308 332 
379.jpg 379 623 670 675 653 633 628 658 644 641 609 600 647 611 615 639 679 636 649 617 
380.jpg 380 372 378 365 352 361 327 399 381 317 376 320 396 310 316 335 331 306 332 308 
381.jpg 381 361 310 317 320 316 313 327 308 306 331 335 364 332 334 396 346 307 368 399 
382.jpg 382 381 310 361 317 320 313 316 330 327 308 335 306 331 364 332 396 346 334 368 
383.jpg 383 393 395 355 365 369 397 372 352 399 327 317 396 361 307 331 320 381 310 335 
384.jpg 384 337 336 359 373 305 321 314 309 312 371 343 323 358 318 328 338 349 362 356 
385.jpg 385 332 316 381 320 317 310 313 308 306 364 327 335 331 361 334 368 346 396 307 
386.jpg 386 378 365 352 361 381 327 399 372 317 376 320 310 316 332 396 331 335 306 308 
387.jpg 387 87 13 94 58 47 5 61 54 12 80 48 56 81 99 57 45 91 85 18 
388.jpg 388 343 337 336 359 384 373 305 371 312 321 314 309 318 323 338 328 358 349 362 
389.jpg 389 326 350 348 324 398 327 399 378 365 352 372 317 361 381 376 320 310 335 396 
390.jpg 390 358 336 337 305 359 384 373 321 314 309 312 371 343 323 328 318 333 338 349 
391.jpg 391 365 352 369 378 361 381 372 327 399 317 397 396 307 320 331 310 335 306 316 
392.jpg 392 302 330 340 367 310 313 320 317 327 316 381 335 308 361 399 396 331 306 332 
393.jpg 393 355 365 369 352 372 397 399 327 317 396 361 307 395 331 320 381 310 335 306 
394.jpg 394 378 327 399 348 398 335 372 365 352 361 381 317 397 396 307 320 310 331 316 
395.jpg 395 397 372 365 352 399 327 317 361 396 307 320 381 331 310 306 316 308 335 332 
396.jpg 396 317 320 310 313 308 316 381 327 306 331 361 335 364 307 332 334 346 368 399 
397.jpg 397 372 365 352 399 327 317 361 396 307 320 381 331 310 316 306 308 335 332 346 
398.jpg 398 327 399 335 302 317 310 320 316 313 381 308 361 331 306 396 307 364 332 372 
399.jpg 399 327 398 335 302 317 310 320 316 313 381 308 361 331 306 396 307 364 332 372 
400.jpg 400 441 405 439 470 467 481 474 418 453 427 476 488 463 475 460 471 484 472 401 
401.jpg 401 475 474 421 463 471 460 439 400 470 453 484 472 498 476 481 418 488 467 427 
402.jpg 402 421 438 439 474 475 401 460 463 471 400 427 453 470 484 472 476 488 481 418 
403.jpg 403 445 424 479 442 433 485 446 461 443 482 437 406 462 432 434 435 465 456 494 
404.jpg 404 445 485 424 479 432 434 442 433 446 461 482 443 437 406 435 465 456 462 494 
405.jpg 405 441 400 439 470 467 481 474 418 453 427 476 488 463 475 460 471 484 472 401 
406.jpg 406 437 446 433 442 435 482 447 407 465 461 443 496 489 480 462 491 469 417 456 
407.jpg 407 465 469 496 482 446 442 489 433 406 435 447 437 480 491 417 462 461 443 456 
408.jpg 408 431 405 441 400 414 442 433 424 445 479 462 446 437 406 482 489 435 443 461 
409.jpg 409 439 441 400 405 470 467 474 481 418 427 453 488 476 463 484 472 475 471 460 
410.jpg 410 427 441 400 439 405 414 481 418 470 474 467 453 476 488 475 463 472 484 498 
411.jpg 411 437 406 446 433 482 442 435 461 443 485 424 465 462 407 447 456 496 489 480 
412.jpg 412 445 479 424 414 442 433 462 446 485 461 443 482 437 406 432 434 435 465 456 
413.jpg 413 477 448 452 459 462 475 453 471 474 460 463 401 470 400 421 439 467 418 481 
414.jpg 414 405 441 400 439 481 470 418 467 474 427 453 476 488 463 475 472 484 498 460 
415.jpg 415 445 479 424 442 433 462 446 485 461 482 443 437 406 432 434 435 465 456 494 
416.jpg 416 409 439 441 400 405 427 429 470 481 488 453 463 474 471 460 475 421 401 484 
417.jpg 417 436 496 491 489 482 446 442 433 406 437 435 407 465 447 480 469 462 461 443 
418.jpg 418 481 476 453 488 400 470 439 441 427 474 463 475 460 471 401 484 472 421 467 
419.jpg 419 436 417 496 491 489 482 446 442 433 406 437 435 407 447 465 480 469 462 454 
420.jpg 420 488 453 476 481 400 470 439 441 427 418 474 463 460 475 471 467 472 484 401 
421.jpg 421 439 474 475 401 463 460 471 400 470 453 484 472 498 476 481 418 488 467 427 
422.jpg 422 402 421 438 439 474 475 401 460 471 463 400 427 453 470 484 472 476 418 481 
423.jpg 423 419 447 406 446 482 437 435 433 442 407 465 496 489 480 469 417 491 436 462 
424.jpg 424 433 442 443 446 461 482 485 437 406 435 465 462 407 456 447 496 489 480 494 
425.jpg 425 424 433 442 443 461 446 482 437 406 485 435 465 462 432 479 494 456 434 497 
426.jpg 426 438 402 421 433 424 442 443 446 437 406 461 482 485 435 465 407 462 497 479 
427.jpg 427 410 441 400 439 405 414 481 418 470 474 467 453 476 488 475 463 472 484 498 
428.jpg 428 448 477 452 459 453 475 471 460 474 463 401 421 470 400 439 418 481 476 467 
429.jpg 429 441 400 439 405 470 481 467 418 474 427 453 488 476 463 475 460 471 472 484 
430.jpg 430 432 424 433 442 446 482 461 485 443 437 406 435 465 462 479 434 456 497 407 
431.jpg 431 408 405 441 400 414 442 433 424 445 479 462 446 437 406 482 489 435 443 461 
432.jpg 432 485 424 479 445 434 442 433 446 461 482 443 437 406 435 462 465 456 494 497 
433.jpg 433 442 446 406 482 437 435 447 407 465 461 443 496 489 480 462 491 469 417 456 
434.jpg 434 445 424 479 485 432 442 433 446 461 482 443 437 406 435 462 465 456 494 497 
435.jpg 435 406 437 446 433 442 482 447 407 465 461 443 496 489 480 462 491 469 417 456 
436.jpg 436 417 496 491 489 482 446 442 433 406 437 435 407 465 447 480 469 462 461 443 
437.jpg 437 406 446 433 442 435 482 447 407 465 461 443 496 489 480 462 491 469 417 456 
438.jpg 438 421 402 439 474 475 401 460 463 471 400 427 453 470 484 472 476 488 481 418 
439.jpg 439 421 474 475 401 463 460 471 400 470 453 484 472 498 476 481 418 488 467 427 
440.jpg 440 405 441 414 400 439 481 470 418 467 474 453 427 476 488 475 463 472 484 498 
441.jpg 441 400 405 439 470 467 481 474 418 453 427 476 488 463 475 460 471 484 472 401 
442.jpg 442 433 446 406 482 437 435 447 407 465 461 443 496 489 480 462 491 469 417 456 
443.jpg 443 433 442 446 461 482 465 406 437 435 407 447 496 489 480 462 491 469 417 456 
444.jpg 444 438 421 402 474 475 401 460 471 463 439 427 400 453 470 488 484 476 472 481 
445.jpg 445 479 424 485 432 434 442 433 446 461 482 443 437 406 435 462 465 456 494 497 
446.jpg 446 406 437 433 442 435 482 447 407 465 461 443 496 489 480 462 491 469 417 456 
447.jpg 447 406 446 482 442 433 437 435 407 465 461 443 496 489 480 462 491 469 417 456 
448.jpg 448 477 452 459 462 453 475 471 460 474 463 401 470 400 421 439 467 418 481 476 
449.jpg 449 441 400 439 429 470 481 418 467 474 453 488 463 476 475 460 471 401 484 472 
450.jpg 450 493 497 465 499 496 407 469 482 442 446 489 491 433 406 435 447 437 480 417 
451.jpg 451 466 456 465 442 433 446 482 461 443 485 424 494 406 437 435 407 462 496 489 
452.jpg 452 477 448 459 462 453 475 471 460 474 463 401 470 400 421 439 467 418 481 476 
453.jpg 453 488 463 471 475 474 460 401 421 484 470 439 400 472 476 481 418 498 467 427 
454.jpg 454 473 482 480 489 496 491 446 465 469 407 442 406 447 435 433 437 417 462 461 
455.jpg 455 485 443 461 433 442 446 482 465 424 437 406 435 462 407 456 447 496 489 480 
456.jpg 456 465 446 442 433 482 461 443 485 406 437 435 407 447 496 489 462 480 491 494 
457.jpg 457 471 463 475 401 474 460 421 484 472 439 400 470 453 476 488 481 418 467 498 
458.jpg 458 488 470 453 463 471 475 474 460 401 421 439 400 484 472 476 481 418 467 498 
459.jpg 459 462 477 452 448 453 475 471 460 474 463 401 470 400 421 439 467 418 481 476 
460.jpg 460 471 463 475 474 401 421 439 400 470 453 484 472 498 476 481 418 488 467 427 
461.jpg 461 443 433 442 446 482 465 406 437 435 407 447 496 489 480 462 491 469 417 456 
462.jpg 462 442 433 446 482 406 437 435 461 443 465 407 447 496 489 480 491 469 417 456 
463.jpg 463 471 475 474 401 460 421 439 400 470 453 484 472 498 476 481 418 488 467 427 
464.jpg 464 465 407 469 496 482 446 489 480 442 406 447 435 433 437 491 417 456 461 462 
465.jpg 465 407 469 496 482 446 442 489 433 406 435 447 437 480 491 417 462 461 443 456 
466.jpg 466 450 497 493 465 499 496 407 469 482 442 446 489 491 433 406 435 417 437 447 
467.jpg 467 470 474 439 400 441 405 481 418 453 427 476 488 463 475 460 471 484 472 401 
468.jpg 468 484 401 471 463 475 474 460 421 472 439 498 470 400 453 476 467 418 481 488 
469.jpg 469 465 407 496 482 446 442 489 433 406 435 447 437 480 491 417 462 461 443 456 
470.jpg 470 467 474 439 400 441 405 481 418 453 427 476 488 463 475 460 471 484 472 401 
471.jpg 471 460 463 475 474 401 421 439 400 470 453 484 472 498 476 481 418 488 467 427 
472.jpg 472 484 498 476 474 475 401 463 471 460 421 453 470 439 400 481 418 488 467 427 
473.jpg 473 454 482 480 489 496 491 446 465 469 407 442 406 447 435 433 437 417 462 461 
474.jpg 474 475 421 401 463 471 460 439 400 470 453 484 472 498 476 481 418 488 467 427 
475.jpg 475 474 421 401 463 471 460 439 400 470 453 484 472 498 476 481 418 488 467 427 
476.jpg 476 453 488 481 463 475 474 471 460 401 484 472 470 400 439 421 418 498 467 427 
477.jpg 477 448 452 459 462 453 475 471 460 474 463 401 470 400 421 439 467 418 481 476 
478.jpg 478 475 471 463 401 474 460 421 484 472 470 453 439 400 488 476 467 498 481 418 
479.jpg 479 424 445 485 432 434 442 433 446 461 482 443 437 406 435 462 465 456 494 497 
480.jpg 480 482 489 496 491 446 465 442 433 407 406 435 437 447 469 417 462 461 443 456 
481.jpg 481 418 476 453 488 400 470 439 441 427 474 463 475 460 471 401 484 472 421 467 
482.jpg 482 496 489 491 446 442 465 433 407 406 435 437 447 480 469 417 462 461 443 456 
483.jpg 483 476 453 488 481 463 475 474 471 460 401 484 472 470 400 498 439 421 418 467 
484.jpg 484 472 498 476 474 475 401 463 471 460 421 453 470 439 400 481 418 488 467 427 
485.jpg 485 482 446 461 433 442 443 424 437 406 435 465 462 407 456 447 496 489 480 494 
486.jpg 486 463 453 488 470 458 471 474 475 460 401 484 472 476 421 400 439 481 418 467 
487.jpg 487 496 491 482 489 446 442 465 407 433 406 435 437 447 417 480 469 456 461 462 
488.jpg 488 453 463 471 475 474 460 401 421 484 470 439 400 472 476 481 418 498 467 427 
489.jpg 489 482 496 491 446 442 465 433 407 406 435 437 447 480 469 417 462 461 443 456 
490.jpg 490 491 496 489 482 446 442 465 407 433 406 435 437 447 480 469 417 462 461 456 
491.jpg 491 496 482 489 446 442 465 433 407 406 435 437 447 480 469 417 462 461 443 456 
492.jpg 492 433 442 446 482 461 462 465 443 485 424 437 406 435 456 494 407 447 489 496 
493.jpg 493 465 497 450 499 496 407 469 482 442 446 489 491 433 406 435 447 437 480 417 
494.jpg 494 442 433 446 406 482 437 435 461 443 465 407 447 456 485 496 489 462 480 491 
495.jpg 495 463 470 474 475 471 401 460 421 439 453 400 484 472 467 498 476 488 481 418 
496.jpg 496 491 482 489 446 442 465 433 407 406 435 437 447 480 469 417 462 461 443 456 
497.jpg 497 493 465 450 499 496 407 469 482 442 446 489 491 433 406 435 447 437 480 417 
498.jpg 498 472 484 476 474 475 401 463 471 460 421 453 470 439 400 481 418 488 467 427 
499.jpg 499 450 493 497 465 496 407 469 482 442 446 489 491 433 406 435 447 437 480 417 
500.jpg 500 539 581 594 527 560 542 504 587 588 583 538 589 595 591 592 597 599 596 593 
501.jpg 501 512 509 31 4 89 51 90 28 212 153 260 282 210 254 255 247 217 240 269 
502.jpg 502 559 578 524 526 500 514 504 527 542 560 555 587 539 581 538 583 588 594 589 
503.jpg 503 567 513 500 539 594 581 574 560 527 531 520 553 596 593 589 591 595 577 598 
504.jpg 504 527 542 587 588 583 538 581 594 592 589 595 591 597 599 596 586 593 584 585 
505.jpg 505 511 453 463 471 475 474 460 401 421 452 470 439 400 467 472 484 498 476 488 
506.jpg 506 527 504 542 538 587 588 583 581 594 592 589 595 591 597 599 596 586 593 584 
507.jpg 507 535 550 516 513 503 539 581 594 566 567 574 553 521 596 593 591 589 595 598 
508.jpg 508 526 504 527 542 538 587 588 583 581 594 592 589 595 591 597 599 596 586 593 
509.jpg 509 551 554 550 535 522 562 541 517 516 544 521 538 581 546 527 504 542 587 583 
510.jpg 510 538 546 521 581 527 504 542 587 588 583 594 589 592 595 591 597 599 596 593 
511.jpg 511 505 453 463 471 475 474 460 401 421 452 470 439 400 467 472 484 498 476 488 
512.jpg 512 501 509 31 4 89 51 90 28 212 153 260 282 210 254 255 247 217 240 269 
513.jpg 513 503 567 500 539 594 581 574 560 527 531 520 553 596 593 589 591 595 577 598 
514.jpg 514 518 519 520 531 527 504 525 581 538 542 560 577 594 587 583 588 589 595 591 
515.jpg 515 580 527 504 542 538 587 588 583 581 594 589 595 591 592 597 599 596 593 586 
516.jpg 516 535 550 554 551 522 562 517 541 544 521 538 581 546 564 527 504 525 539 542 
517.jpg 517 522 550 535 554 562 551 541 516 544 521 538 581 546 564 527 504 525 539 542 
518.jpg 518 514 519 520 531 527 504 525 581 538 542 560 577 594 587 583 588 589 595 591 
519.jpg 519 537 540 577 525 552 563 556 573 571 545 569 546 538 580 504 527 542 560 581 
520.jpg 520 574 531 534 581 594 527 539 525 560 577 563 596 593 589 591 595 592 599 586 
521.jpg 521 538 581 527 504 542 587 588 583 594 592 589 595 591 597 599 596 593 586 584 
522.jpg 522 517 550 535 554 562 551 541 516 544 521 538 581 546 564 527 504 525 539 542 
523.jpg 523 593 596 589 591 595 599 592 586 584 585 597 588 587 581 594 583 598 527 504 
524.jpg 524 555 542 504 527 560 587 538 581 588 583 594 589 592 595 591 597 599 596 586 
525.jpg 525 563 577 540 537 552 556 573 571 519 545 569 546 538 580 504 527 542 560 581 
526.jpg 526 524 555 542 504 527 560 587 538 581 588 583 594 539 589 595 592 591 597 599 
527.jpg 527 504 542 587 588 583 538 581 594 592 589 595 591 597 599 596 586 593 584 585 
528.jpg 528 520 534 531 574 581 594 527 539 525 560 577 563 596 593 589 591 595 599 592 
529.jpg 529 521 538 581 546 527 504 542 587 588 583 594 589 592 595 591 597 599 596 593 
530.jpg 530 580 538 504 542 527 587 588 583 592 589 595 591 599 597 596 586 581 593 584 
531.jpg 531 594 581 527 539 504 542 538 587 588 583 589 592 595 591 597 599 596 593 586 
532.jpg 532 536 524 555 526 504 542 527 587 538 588 583 581 594 560 539 589 592 595 591 
533.jpg 533 532 511 536 482 465 496 489 480 469 491 446 407 442 447 406 435 433 437 417 
534.jpg 534 531 520 574 581 594 527 539 525 560 577 563 596 593 589 591 595 592 599 586 
535.jpg 535 550 554 522 562 551 541 517 516 544 521 538 581 546 564 527 504 525 539 542 
536.jpg 536 524 526 555 504 542 527 560 587 538 581 588 583 594 539 589 592 595 591 597 
537.jpg 537 540 552 577 525 563 556 573 571 519 545 569 546 538 580 504 527 542 560 581 
538.jpg 538 504 527 542 587 588 583 581 594 592 589 595 591 597 599 596 586 593 584 585 
539.jpg 539 581 594 527 531 504 542 538 587 588 583 589 592 595 591 597 599 596 593 586 
540.jpg 540 537 552 577 525 563 556 573 571 519 545 569 546 538 580 504 527 542 560 581 
541.jpg 541 551 550 554 522 562 535 517 516 544 521 538 581 546 564 527 504 525 539 542 
542.jpg 542 504 527 587 588 583 538 581 594 592 589 595 591 597 599 596 586 593 584 585 
543.jpg 543 549 518 519 545 540 537 552 577 525 563 571 556 573 538 546 504 527 542 581 
544.jpg 544 510 538 521 546 581 504 527 542 587 588 583 594 589 592 595 591 597 599 596 
545.jpg 545 540 552 537 577 525 563 556 573 571 519 569 546 538 580 504 527 542 560 581 
546.jpg 546 538 504 527 542 587 588 583 581 594 592 589 595 591 597 599 596 586 593 584 
547.jpg 547 540 537 552 577 525 563 556 519 573 571 545 546 538 504 527 542 580 560 581 
548.jpg 548 584 586 595 589 591 599 592 596 593 585 597 588 587 581 594 583 598 527 504 
549.jpg 549 543 518 519 545 540 537 552 577 525 563 571 556 573 538 546 504 527 542 581 
550.jpg 550 535 554 522 562 551 541 517 516 544 521 538 581 546 564 527 504 525 539 542 
551.jpg 551 554 550 535 522 562 541 517 516 544 521 538 581 546 564 527 504 525 539 542 
552.jpg 552 540 537 577 525 563 556 573 571 519 545 569 546 538 580 504 527 542 560 581 
553.jpg 553 539 581 594 527 531 504 542 538 587 588 583 589 592 595 591 597 596 599 593 
554.jpg 554 551 550 535 522 562 541 517 516 544 521 538 581 546 564 527 504 525 539 542 
555.jpg 555 524 542 504 527 560 587 538 581 588 583 594 589 592 595 591 597 599 596 586 
556.jpg 556 540 552 577 537 525 563 573 571 519 545 569 546 538 580 504 527 542 560 581 
557.jpg 557 545 571 552 540 577 573 563 556 525 537 519 569 546 538 504 580 527 542 560 
558.jpg 558 581 594 588 583 587 592 589 595 591 599 596 597 586 593 584 585 527 504 542 
559.jpg 559 578 502 524 526 500 514 504 527 542 560 555 587 539 581 538 583 588 594 589 
560.jpg 560 527 504 542 587 588 583 594 581 538 589 595 592 591 597 599 596 586 593 584 
561.jpg 561 586 595 591 589 599 592 596 593 584 585 597 588 587 581 594 583 598 527 504 
562.jpg 562 522 554 550 535 551 541 517 516 544 521 538 581 546 564 527 504 525 539 542 
563.jpg 563 525 577 540 537 552 556 573 571 519 545 569 546 538 580 504 527 542 560 581 
564.jpg 564 581 538 521 546 527 504 542 587 588 583 594 589 595 591 592 597 599 596 593 
565.jpg 565 571 552 540 577 573 563 525 537 556 519 545 569 546 538 504 580 527 542 560 
566.jpg 566 581 594 591 595 589 596 593 599 592 586 584 597 588 585 587 583 598 527 504 
567.jpg 567 503 513 500 539 594 581 574 560 527 531 520 553 596 593 589 591 595 577 598 
568.jpg 568 579 527 504 542 587 538 588 583 592 589 595 597 591 599 596 586 581 593 584 
569.jpg 569 525 577 563 537 540 552 556 519 573 571 545 546 538 580 504 527 542 560 581 
570.jpg 570 587 588 583 594 592 597 595 589 591 599 596 586 593 584 585 581 527 504 542 
571.jpg 571 552 540 577 573 537 563 525 556 519 545 569 546 538 580 504 527 542 560 581 
572.jpg 572 587 583 588 592 597 589 595 591 599 586 596 593 584 585 581 594 527 504 542 
573.jpg 573 577 540 552 537 525 563 556 571 519 545 569 546 538 580 504 527 542 560 581 
574.jpg 574 520 531 534 581 594 527 539 525 560 577 563 596 593 589 591 595 592 599 586 
575.jpg 575 581 594 583 588 587 592 589 595 591 599 586 596 597 593 584 585 598 527 504 
576.jpg 576 592 599 589 595 591 586 596 593 584 597 585 588 587 583 581 594 527 504 542 
577.jpg 577 573 540 552 537 525 563 556 571 519 545 569 546 538 580 504 527 542 560 581 
578.jpg 578 524 526 555 542 504 527 560 587 538 581 588 583 594 539 589 595 591 592 597 
579.jpg 579 527 504 542 587 588 583 538 592 589 595 591 599 597 596 586 581 593 584 594 
580.jpg 580 542 504 527 538 587 588 583 581 594 589 595 592 591 597 599 596 586 593 584 
581.jpg 581 594 588 583 587 592 589 595 591 599 596 597 586 593 584 585 598 527 504 542 
582.jpg 582 561 586 595 591 589 599 592 596 593 584 585 597 588 587 581 583 594 598 527 
583.jpg 583 588 587 594 592 597 595 589 591 599 596 586 593 584 585 581 598 527 504 542 
584.jpg 584 586 595 589 591 599 592 596 593 585 597 588 587 581 594 583 598 527 504 542 
585.jpg 585 599 589 595 591 596 592 586 593 584 597 588 587 581 594 583 598 527 504 542 
586.jpg 586 595 589 591 599 592 596 593 584 585 597 588 587 581 594 583 598 527 504 542 
587.jpg 587 588 583 594 592 597 595 589 591 599 596 586 593 584 585 581 598 527 504 542 
588.jpg 588 583 587 594 592 597 595 589 591 599 596 586 593 584 585 581 598 527 504 542 
589.jpg 589 595 591 596 599 592 586 593 584 585 597 588 587 581 594 583 598 527 504 542 
590.jpg 590 591 595 589 596 599 592 586 593 584 585 597 588 587 598 581 594 583 527 504 
591.jpg 591 595 589 596 599 592 586 593 584 585 597 588 587 581 594 583 598 527 504 542 
592.jpg 592 599 589 595 591 586 596 593 584 585 597 588 587 581 594 583 598 527 504 542 
593.jpg 593 596 589 591 595 599 592 586 584 585 597 588 587 581 594 583 598 527 504 542 
594.jpg 594 581 588 583 587 592 589 595 591 599 596 597 586 593 584 585 598 527 504 542 
595.jpg 595 589 591 596 599 592 586 593 584 585 597 588 587 581 594 583 598 527 504 542 
596.jpg 596 589 591 595 599 592 586 593 584 585 597 588 587 581 594 583 598 527 504 542 
597.jpg 597 592 599 589 595 591 596 586 593 584 585 588 587 581 594 583 598 527 504 542 
598.jpg 598 584 586 591 595 589 599 596 592 593 585 597 588 587 581 594 583 527 504 542 
599.jpg 599 589 595 591 596 592 586 593 584 585 597 588 587 581 594 583 598 527 504 542 
600.jpg 600 609 628 633 675 641 670 644 658 653 623 647 611 615 639 679 636 649 617 666 
601.jpg 601 680 667 634 602 608 624 610 643 669 672 620 629 626 616 618 637 655 621 662 
602.jpg 602 624 608 610 629 626 620 643 634 667 672 618 616 637 669 662 621 655 635 630 
603.jpg 603 626 630 621 662 618 629 655 606 637 663 650 624 672 635 616 602 610 608 620 
604.jpg 604 611 627 625 617 659 615 649 628 653 658 633 647 644 675 609 600 670 641 623 
605.jpg 605 631 666 614 615 636 633 626 628 639 649 662 603 659 658 611 653 617 600 675 
606.jpg 606 621 662 629 655 618 674 637 663 626 635 672 624 616 650 602 610 608 620 643 
607.jpg 607 652 632 690 629 655 621 662 618 606 674 635 637 663 672 626 624 616 602 608 
608.jpg 608 602 624 610 629 626 620 643 634 667 672 618 616 637 669 662 621 655 635 630 
609.jpg 609 628 633 675 641 600 670 644 658 653 623 647 611 615 639 679 636 649 617 666 
610.jpg 610 624 629 608 602 626 620 643 634 667 672 618 616 637 669 662 621 655 635 630 
611.jpg 611 627 625 604 617 659 615 649 628 653 658 633 647 644 675 609 600 670 641 623 
612.jpg 612 671 688 662 621 606 665 663 618 655 629 637 626 603 659 650 635 672 624 616 
613.jpg 613 649 660 664 659 648 662 688 603 621 671 663 665 606 618 626 655 629 637 650 
614.jpg 614 666 636 615 631 605 633 626 628 639 649 662 603 659 658 611 653 617 600 675 
615.jpg 615 633 628 658 675 653 644 670 641 609 600 623 647 611 639 679 636 649 617 666 
616.jpg 616 624 602 608 610 629 643 620 626 634 667 672 618 637 669 662 621 655 635 630 
617.jpg 617 611 627 625 604 659 615 649 628 653 658 633 647 644 675 609 600 670 641 623 
618.jpg 618 621 662 629 655 606 674 637 663 626 635 672 624 616 650 602 610 608 620 643 
619.jpg 619 673 626 630 603 621 662 618 629 655 606 637 624 672 635 616 663 650 602 620 
620.jpg 620 608 602 624 610 629 626 643 634 667 672 618 616 637 669 662 621 655 635 630 
621.jpg 621 606 662 629 655 618 674 637 663 626 635 672 624 616 650 602 610 608 620 643 
622.jpg 622 654 629 662 621 655 606 618 674 637 626 638 610 624 672 616 602 608 620 643 
623.jpg 623 670 675 600 628 633 609 641 644 653 658 647 611 615 639 679 636 649 617 666 
624.jpg 624 602 608 610 629 626 620 643 634 667 672 618 616 637 669 662 621 655 635 630 
625.jpg 625 611 627 604 617 659 615 649 628 653 658 633 647 644 675 609 600 670 641 623 
626.jpg 626 603 630 621 662 618 629 655 606 637 663 650 624 672 635 616 602 610 608 620 
627.jpg 627 611 625 604 617 659 615 649 628 653 658 633 647 644 675 609 600 670 641 623 
628.jpg 628 633 658 675 609 641 644 670 653 600 623 647 611 615 639 679 636 649 617 666 
629.jpg 629 624 610 608 602 626 620 643 634 667 672 618 616 637 669 662 621 655 635 630 
630.jpg 630 626 603 621 662 618 629 655 606 637 663 650 624 672 635 616 602 610 608 620 
631.jpg 631 605 666 614 615 636 633 626 628 639 649 662 603 659 658 611 653 617 600 675 
632.jpg 632 629 655 621 662 618 606 674 637 663 635 626 672 624 616 650 602 610 608 620 
633.jpg 633 675 628 609 641 600 670 644 658 653 623 647 611 615 639 679 636 649 617 666 
634.jpg 634 667 672 602 624 608 610 643 620 669 629 626 618 616 637 662 621 655 635 630 
635.jpg 635 672 618 637 629 662 621 655 624 626 663 606 616 650 602 610 608 620 643 630 
636.jpg 636 615 614 666 631 605 633 626 628 639 649 662 603 659 658 611 653 617 600 675 
637.jpg 637 618 662 629 621 655 606 626 663 635 672 624 616 650 602 610 608 620 643 630 
638.jpg 638 662 621 629 655 606 618 674 637 626 663 635 672 624 616 610 602 608 620 643 
639.jpg 639 600 628 633 609 675 670 641 644 623 653 658 647 611 615 679 636 649 617 666 
640.jpg 640 652 607 673 605 659 626 608 662 621 629 655 618 637 624 602 610 620 672 616 
641.jpg 641 675 670 623 633 628 609 600 644 653 658 647 611 615 639 679 636 649 617 666 
642.jpg 642 647 658 633 675 628 644 653 670 641 609 600 623 611 615 639 649 617 636 666 
643.jpg 643 602 608 624 610 629 669 620 634 667 672 626 618 616 637 662 621 655 635 630 
644.jpg 644 641 675 670 623 628 633 609 600 653 658 647 611 615 639 679 636 649 617 666 
645.jpg 645 637 618 662 629 621 655 606 663 626 635 672 624 674 616 650 603 602 630 610 
646.jpg 646 606 621 662 629 618 655 674 638 637 626 663 635 672 624 610 616 602 608 620 
647.jpg 647 658 633 675 628 653 670 644 641 609 600 623 611 615 639 679 636 649 617 666 
648.jpg 648 659 649 688 603 662 621 626 618 663 637 665 606 655 629 650 635 672 612 671 
649.jpg 649 660 664 613 659 648 662 688 603 621 671 663 665 606 618 626 655 629 637 650 
650.jpg 650 662 621 606 629 655 618 637 663 626 624 672 635 616 602 610 608 620 643 630 
651.jpg 651 655 621 662 629 606 618 674 638 637 626 663 635 624 672 616 610 602 608 620 
652.jpg 652 607 632 690 629 655 621 662 618 606 674 635 637 663 672 626 624 616 602 608 
653.jpg 653 658 633 628 675 670 644 609 641 600 623 647 611 615 639 679 636 649 617 666 
654.jpg 654 622 629 662 621 655 606 618 674 637 626 638 610 624 672 616 602 608 620 643 
655.jpg 655 621 629 662 618 606 674 637 663 626 635 672 624 616 650 602 610 608 620 643 
656.jpg 656 647 658 611 653 633 628 675 670 644 609 641 600 623 615 639 649 617 627 659 
657.jpg 657 620 608 602 624 610 629 626 643 616 672 618 637 662 621 655 667 634 669 635 
658.jpg 658 633 628 675 609 641 644 670 653 600 623 647 611 615 639 679 636 649 617 666 
659.jpg 659 604 611 625 627 617 615 649 628 653 658 633 647 644 675 609 600 670 641 623 
660.jpg 660 649 664 613 659 648 662 688 603 621 671 663 665 606 618 626 655 629 637 650 
661.jpg 661 671 688 648 649 659 662 613 664 660 603 621 663 665 606 618 626 655 629 637 
662.jpg 662 621 606 629 655 618 674 637 663 626 635 672 624 616 650 602 610 608 620 643 
663.jpg 663 662 621 629 655 618 606 637 626 635 672 624 616 650 602 610 608 620 643 630 
664.jpg 664 660 649 613 659 648 662 688 603 621 671 663 665 606 618 626 655 629 637 650 
665.jpg 665 606 621 662 618 629 655 674 663 637 635 626 672 624 650 616 603 630 602 610 
666.jpg 666 614 636 615 631 605 633 626 628 639 649 662 603 659 658 611 653 617 600 675 
667.jpg 667 634 672 602 624 608 610 643 620 669 629 626 618 616 637 662 621 655 635 630 
668.jpg 668 674 606 621 662 629 618 655 637 663 635 672 626 624 616 650 602 610 608 620 
669.jpg 669 610 624 602 608 643 629 620 634 667 672 626 618 616 637 662 621 655 635 630 
670.jpg 670 623 675 600 628 633 609 641 644 653 658 647 611 615 639 679 636 649 617 666 
671.jpg 671 688 648 659 649 662 603 621 626 663 618 665 606 637 655 629 650 612 635 672 
672.jpg 672 618 637 629 624 662 621 655 626 635 663 606 616 650 602 610 608 620 643 630 
673.jpg 673 605 626 666 636 614 615 631 633 628 649 603 662 659 639 621 638 611 658 653 
674.jpg 674 606 621 662 629 618 655 637 663 626 635 672 624 616 650 602 610 608 620 643 
675.jpg 675 670 623 600 628 633 609 641 644 653 658 647 611 615 639 679 636 649 617 666 
676.jpg 676 610 669 643 602 624 608 634 667 620 672 629 626 618 616 637 621 662 655 635 
677.jpg 677 675 670 623 633 628 609 600 641 644 653 658 647 611 615 639 636 649 617 666 
678.jpg 678 670 623 675 600 628 633 609 641 644 653 658 647 611 615 639 679 636 649 617 
679.jpg 679 623 670 675 600 628 633 609 641 644 653 658 647 611 615 639 636 649 617 666 
680.jpg 680 601 667 634 602 608 624 610 643 669 672 620 629 626 616 618 637 655 621 662 
681.jpg 681 674 606 621 662 618 629 655 637 635 663 672 626 624 616 650 602 610 608 620 
682.jpg 682 673 605 626 666 614 636 615 631 633 662 603 649 659 621 628 639 638 618 637 
683.jpg 683 688 603 649 659 648 662 621 626 618 663 637 665 606 655 629 650 635 672 612 
684.jpg 684 670 623 675 653 644 658 633 628 641 600 609 647 611 615 639 649 617 636 659 
685.jpg 685 670 675 623 653 644 628 633 658 609 641 600 647 611 615 639 679 636 649 617 
686.jpg 686 689 670 623 653 675 600 628 633 609 641 644 658 647 611 615 639 679 636 649 
687.jpg 687 649 603 688 659 648 662 621 626 618 663 637 665 606 655 629 650 635 672 612 
688.jpg 688 603 649 659 648 662 621 626 618 663 637 665 606 655 629 650 635 672 612 671 
689.jpg 689 686 670 623 653 675 600 628 633 609 641 644 658 647 611 615 639 679 636 649 
690.jpg 690 632 629 655 621 662 618 606 674 637 635 663 672 624 626 616 650 602 610 608 
691.jpg 691 698 695 693 692 684 670 685 623 653 675 600 644 628 633 658 609 641 647 611 
692.jpg 692 684 670 685 623 675 653 644 658 633 628 600 609 641 647 611 615 639 617 649 
693.jpg 693 692 684 670 685 623 675 653 600 644 628 633 658 609 641 647 611 615 639 617 
694.jpg 694 687 688 603 649 660 659 648 662 613 671 621 618 663 626 665 606 637 655 629 
695.jpg 695 693 692 684 670 685 623 675 653 600 644 628 633 658 609 641 647 611 615 639 
696.jpg 696 670 623 675 653 633 628 658 644 641 609 600 647 611 615 639 679 636 649 617 
697.jpg 697 644 641 675 670 623 628 633 609 600 653 658 647 611 615 639 679 636 649 617 
698.jpg 698 691 695 693 692 684 670 685 623 653 675 600 644 628 633 658 609 641 647 611 
699.jpg 699 737 729 752 751 734 739 749 750 747 768 760 758 705 743 711 745 788 794 765 
700.jpg 700 766 771 735 718 732 752 751 730 729 736 706 734 742 749 770 759 791 795 739 
701.jpg 701 705 751 729 734 752 739 749 747 750 760 758 768 743 711 745 788 794 765 789 
702.jpg 702 761 776 738 746 741 744 748 726 711 727 731 775 764 757 743 774 777 788 773 
703.jpg 703 702 761 706 732 751 752 729 734 766 730 771 718 735 736 742 749 770 791 759 
704.jpg 704 747 749 739 750 760 758 711 765 745 743 788 768 794 734 752 729 751 705 789 
705.jpg 705 701 751 729 734 752 739 749 747 750 760 758 768 743 711 745 788 794 765 789 
706.jpg 706 770 718 742 749 751 730 736 729 734 752 732 766 771 735 759 791 795 739 760 
707.jpg 707 706 770 742 718 749 751 730 736 729 734 752 732 766 771 735 759 791 739 760 
708.jpg 708 773 746 738 748 741 744 727 726 711 731 761 775 774 757 743 777 797 788 747 
709.jpg 709 723 715 722 742 718 713 749 747 711 725 759 770 730 751 736 706 760 739 729 
710.jpg 710 721 723 709 715 722 733 742 718 713 749 759 730 736 770 751 706 766 729 732 
711.jpg 711 743 788 745 758 750 760 739 765 747 749 768 794 734 752 729 751 705 789 783 
712.jpg 712 713 742 718 749 747 770 751 706 730 736 729 734 752 732 739 766 759 735 771 
713.jpg 713 742 718 749 747 770 751 706 730 736 729 734 752 732 739 766 759 760 791 735 
714.jpg 714 715 709 723 722 742 718 713 749 747 711 759 725 730 736 770 751 706 729 739 
715.jpg 715 709 722 723 742 718 713 749 747 711 725 759 770 730 751 736 706 760 739 729 
716.jpg 716 754 755 720 719 753 711 756 765 775 782 788 743 760 739 750 749 758 747 745 
717.jpg 717 723 709 715 722 742 718 713 749 747 711 759 725 730 770 736 751 706 729 739 
718.jpg 718 742 749 713 747 770 751 706 730 736 729 734 752 732 739 766 759 760 791 735 
719.jpg 719 754 755 716 720 753 711 756 765 775 782 788 743 760 739 750 749 758 747 745 
720.jpg 720 755 754 716 719 753 711 756 765 775 782 788 743 760 739 750 749 758 747 745 
721.jpg 721 710 723 709 715 722 733 742 718 713 749 759 730 736 770 751 706 766 729 732 
722.jpg 722 709 715 723 742 718 713 749 747 711 725 759 770 730 751 736 706 760 739 729 
723.jpg 723 709 715 722 742 718 713 749 747 711 725 759 770 730 751 736 706 760 739 729 
724.jpg 724 722 709 715 723 742 718 713 749 759 730 736 770 751 706 798 766 732 771 735 
725.jpg 725 749 747 739 750 758 760 711 765 745 743 788 768 734 752 729 751 705 794 783 
726.jpg 726 711 741 738 744 746 748 727 731 775 761 764 757 743 774 777 788 747 760 749 
727.jpg 727 748 744 741 731 738 746 726 711 775 761 764 757 743 774 777 788 747 760 749 
728.jpg 728 753 711 775 727 741 744 731 748 738 746 726 761 764 757 743 774 777 788 747 
729.jpg 729 751 752 734 732 730 706 766 718 736 771 735 742 749 770 759 791 795 739 760 
730.jpg 730 736 759 718 742 749 751 770 729 706 752 734 732 766 771 735 791 795 739 760 
731.jpg 731 744 741 748 727 738 746 726 711 775 761 764 757 743 774 777 788 747 760 749 
732.jpg 732 751 752 729 734 730 706 766 718 736 771 735 742 749 770 759 791 795 739 760 
733.jpg 733 709 723 715 722 742 718 713 749 747 725 759 711 770 730 736 751 706 729 766 
734.jpg 734 751 729 752 732 730 706 766 718 736 771 735 742 749 770 759 791 795 739 760 
735.jpg 735 771 766 732 718 752 751 730 729 736 734 706 742 749 770 759 791 795 739 760 
736.jpg 736 730 759 718 742 749 751 770 729 706 752 734 732 766 771 735 791 795 739 760 
737.jpg 737 729 752 751 734 739 749 750 747 760 758 768 705 743 711 745 788 794 765 789 
738.jpg 738 746 741 744 748 727 731 726 711 775 761 764 757 743 774 777 788 747 760 749 
739.jpg 739 749 750 747 760 758 711 765 745 743 788 768 794 734 752 729 751 705 789 783 
740.jpg 740 759 784 779 781 771 735 766 718 792 730 736 799 795 798 742 749 791 770 713 
741.jpg 741 744 731 748 727 738 746 726 711 775 761 764 757 743 774 777 788 747 760 749 
742.jpg 742 718 749 713 747 770 751 706 730 736 729 734 752 732 739 766 759 760 791 735 
743.jpg 743 711 788 745 758 750 760 739 765 747 749 768 794 734 752 729 751 705 789 783 
744.jpg 744 741 731 748 727 738 746 726 711 775 761 764 757 743 774 777 788 747 760 749 
745.jpg 745 743 711 788 758 750 760 739 765 747 749 768 794 734 752 729 751 705 789 783 
746.jpg 746 738 741 744 748 727 731 726 711 775 761 764 757 743 774 777 788 747 760 749 
747.jpg 747 749 739 750 760 758 711 765 745 743 788 768 794 734 752 729 751 705 789 783 
748.jpg 748 727 744 741 731 738 746 726 711 775 761 764 757 743 774 777 788 747 760 749 
749.jpg 749 739 750 747 760 758 711 765 745 743 788 768 794 734 752 729 751 705 789 783 
750.jpg 750 739 749 747 760 758 711 765 745 743 788 768 794 734 752 729 751 705 789 783 
751.jpg 751 729 752 734 732 730 706 766 718 736 771 735 742 749 770 759 791 795 739 760 
752.jpg 752 729 751 734 732 730 706 766 718 736 771 735 742 749 770 759 791 795 739 760 
753.jpg 753 756 716 754 755 719 720 711 765 775 782 788 743 760 739 750 749 758 747 745 
754.jpg 754 716 755 720 719 753 711 756 765 775 782 788 743 760 739 750 749 758 747 745 
755.jpg 755 720 754 716 719 753 711 756 765 775 782 788 743 760 739 750 749 758 747 745 
756.jpg 756 753 716 754 755 719 720 711 765 775 782 788 743 760 739 750 749 758 747 745 
757.jpg 757 743 711 788 745 758 750 760 739 765 747 749 768 734 752 729 751 705 794 789 
758.jpg 758 750 739 749 760 747 711 765 745 743 788 768 794 734 752 729 751 705 789 783 
759.jpg 759 730 736 718 742 749 751 770 729 706 752 734 732 766 771 735 791 795 739 760 
760.jpg 760 750 739 749 747 758 711 765 745 743 788 768 794 734 752 729 751 705 789 783 
761.jpg 761 726 711 741 738 746 744 748 731 727 775 764 757 743 774 777 788 747 760 749 
762.jpg 762 760 750 739 749 758 747 711 765 745 743 788 768 794 734 705 752 729 751 789 
763.jpg 763 779 784 759 740 781 771 735 766 718 792 799 795 736 730 798 791 742 749 770 
764.jpg 764 775 744 741 731 727 711 748 738 746 726 761 757 743 774 777 788 747 760 749 
765.jpg 765 760 711 750 758 739 749 747 745 743 788 768 794 734 752 729 751 705 789 783 
766.jpg 766 771 735 732 718 752 751 730 729 736 734 706 742 749 770 759 791 795 739 760 
767.jpg 767 718 742 713 749 770 706 751 730 736 759 729 732 752 734 766 771 735 791 795 
768.jpg 768 760 750 739 749 747 758 711 765 743 745 788 794 734 752 729 751 705 789 783 
769.jpg 769 786 792 771 766 735 718 732 730 736 752 751 729 706 734 742 770 749 791 759 
770.jpg 770 706 718 742 749 751 730 736 729 734 752 732 766 771 735 759 791 795 739 760 
771.jpg 771 735 766 732 718 752 751 730 729 736 734 706 742 749 770 759 791 795 739 760 
772.jpg 772 773 769 786 792 798 795 799 781 718 771 766 735 791 784 779 759 730 736 740 
773.jpg 773 769 786 792 771 766 735 718 732 730 736 742 751 752 706 729 734 770 749 791 
774.jpg 774 797 746 773 748 738 741 744 727 726 731 711 757 761 775 743 777 788 747 760 
775.jpg 775 711 741 744 731 727 748 738 746 726 761 764 757 743 774 777 788 747 760 749 
776.jpg 776 761 726 738 746 741 744 748 711 731 727 775 764 757 774 743 777 788 747 760 
777.jpg 777 765 760 711 743 750 758 739 747 749 745 788 768 794 734 705 752 729 751 789 
778.jpg 778 788 711 743 745 758 750 760 739 765 747 749 768 794 734 705 752 729 751 783 
779.jpg 779 784 759 740 781 771 735 766 718 792 730 736 799 795 798 742 749 791 770 713 
780.jpg 780 761 776 726 738 746 741 744 711 748 731 727 775 764 757 774 743 777 788 790 
781.jpg 781 799 795 792 798 784 759 718 736 730 766 771 735 740 779 742 749 791 770 713 
782.jpg 782 765 711 760 777 743 788 758 750 739 747 749 745 768 794 778 783 705 734 789 
783.jpg 783 794 788 793 743 711 745 758 750 739 760 765 747 749 768 705 734 752 729 751 
784.jpg 784 759 740 779 781 771 735 766 718 792 730 736 799 795 798 742 749 791 770 713 
785.jpg 785 786 769 792 771 766 735 732 718 730 752 751 729 736 706 734 742 770 749 791 
786.jpg 786 769 792 771 766 735 718 732 730 736 752 751 729 706 734 742 770 749 791 759 
787.jpg 787 173 152 183 149 161 175 193 162 199 147 181 171 145 144 196 114 159 134 143 
788.jpg 788 743 711 745 758 750 760 739 765 747 749 768 794 734 752 729 751 705 789 783 
789.jpg 789 768 760 750 739 758 747 749 711 765 743 745 788 794 734 705 752 729 751 783 
790.jpg 790 793 788 794 783 711 743 745 758 765 750 760 739 747 768 778 749 705 734 789 
791.jpg 791 766 771 735 718 732 752 751 730 729 736 734 706 749 742 770 759 795 739 760 
792.jpg 792 786 769 771 766 735 718 732 730 736 752 751 729 706 734 742 770 749 791 759 
793.jpg 793 788 794 783 743 711 745 758 750 739 760 765 747 749 768 705 734 752 729 751 
794.jpg 794 783 788 793 743 711 745 758 750 739 760 765 747 749 768 705 734 752 729 751 
795.jpg 795 798 792 781 799 784 759 718 736 730 766 771 735 740 779 742 749 791 770 713 
796.jpg 796 776 761 775 764 744 741 738 746 726 711 731 727 748 774 757 743 777 788 790 
797.jpg 797 774 746 773 748 738 741 744 727 726 731 711 757 761 775 743 777 788 747 760 
798.jpg 798 795 792 781 799 784 759 718 736 730 766 771 735 740 779 742 749 791 770 713 
799.jpg 799 781 795 792 798 784 759 718 736 730 766 771 735 740 779 742 749 791 770 713 
800.jpg 800 854 881 833 828 832 849 857 877 882 839 869 860 826 855 843 868 870 819 889 
801.jpg 801 825 829 845 882 875 830 876 832 839 805 849 842 891 870 860 843 826 877 852 
802.jpg 802 828 803 841 838 874 846 848 862 827 820 873 897 872 896 813 867 663 812 614 
803.jpg 803 828 841 838 846 802 874 848 862 827 820 873 897 872 896 813 867 663 812 614 
804.jpg 804 819 854 849 832 857 839 881 877 882 860 826 843 868 855 870 807 811 850 889 
805.jpg 805 829 806 883 808 811 870 852 849 850 826 807 843 860 861 868 877 889 878 832 
806.jpg 806 864 829 805 883 808 826 807 811 850 843 849 852 870 860 861 868 877 889 878 
807.jpg 807 826 843 877 868 860 849 850 811 852 870 889 878 855 861 876 819 856 888 893 
808.jpg 808 806 829 805 883 811 870 852 849 850 826 807 843 860 861 868 877 889 878 832 
809.jpg 809 834 844 878 889 846 808 807 849 811 850 843 826 860 868 877 852 870 819 893 
810.jpg 810 660 649 664 613 659 648 688 662 603 621 671 663 665 606 618 626 655 629 637 
811.jpg 811 852 870 849 850 860 843 868 826 807 877 889 878 855 861 876 819 856 888 893 
812.jpg 812 846 803 828 841 838 874 802 848 862 827 873 820 897 872 896 813 867 663 614 
813.jpg 813 802 848 828 803 841 838 874 846 862 827 873 820 897 872 896 867 663 812 614 
814.jpg 814 821 833 881 877 828 832 857 849 882 839 869 855 860 826 843 868 870 889 876 
815.jpg 815 868 877 843 860 826 807 849 850 811 852 870 855 889 878 861 876 819 856 888 
816.jpg 816 826 877 843 868 860 807 850 811 849 852 870 889 878 819 855 861 876 856 888 
817.jpg 817 837 832 849 839 857 870 860 826 877 868 843 811 852 850 855 807 889 819 876 
818.jpg 818 899 895 880 889 832 849 870 891 866 879 852 863 811 868 850 860 876 855 861 
819.jpg 819 843 826 807 877 860 868 849 850 811 852 870 889 878 855 861 876 856 888 893 
820.jpg 820 827 828 838 841 803 846 802 848 874 862 873 897 872 896 813 867 663 812 614 
821.jpg 821 833 881 877 828 814 832 857 849 882 839 869 855 860 826 843 868 870 889 876 
822.jpg 822 824 864 806 829 899 818 880 895 889 832 849 870 811 852 850 860 861 805 879 
823.jpg 823 809 833 821 881 877 828 814 832 849 857 882 839 869 855 860 826 843 868 870 
824.jpg 824 864 806 829 899 818 880 889 895 832 849 870 811 852 850 860 861 805 879 876 
825.jpg 825 829 806 864 805 883 826 875 807 843 882 860 877 849 811 850 870 852 861 868 
826.jpg 826 877 843 868 860 807 849 850 811 852 870 889 878 855 861 876 819 856 888 893 
827.jpg 827 820 828 838 841 803 846 802 848 874 862 873 897 872 896 813 867 663 812 614 
828.jpg 828 838 841 803 846 802 874 848 862 827 820 873 897 872 896 813 867 663 812 614 
829.jpg 829 806 805 883 808 811 870 852 849 850 826 807 843 860 861 868 877 889 878 832 
830.jpg 830 829 825 845 882 842 832 839 876 891 849 870 860 852 805 843 811 826 850 877 
831.jpg 831 820 827 873 846 862 803 828 841 838 802 848 874 897 872 896 813 867 663 812 
832.jpg 832 849 857 870 839 860 852 811 826 843 868 877 850 807 855 889 861 876 878 819 
833.jpg 833 881 828 877 882 832 857 849 839 860 826 843 868 855 870 889 811 807 850 852 
834.jpg 834 135 878 889 893 844 807 849 850 811 843 826 860 877 868 819 852 870 855 861 
835.jpg 835 849 832 839 870 852 805 811 850 860 826 843 868 877 807 861 855 879 889 876 
836.jpg 836 839 832 849 857 870 860 852 811 826 843 877 868 850 807 855 889 861 876 878 
837.jpg 837 832 849 857 839 870 860 826 877 868 843 811 852 850 807 855 889 819 876 878 
838.jpg 838 828 841 803 846 802 874 848 862 827 820 873 897 872 896 813 867 663 812 614 
839.jpg 839 832 849 857 870 860 852 811 826 843 868 877 850 807 855 889 861 876 878 819 
840.jpg 840 832 849 857 870 839 860 852 811 826 843 868 877 850 807 855 889 878 819 876 
841.jpg 841 828 838 803 846 802 874 848 862 827 820 873 897 872 896 813 867 663 812 614 
842.jpg 842 829 825 845 882 830 832 839 876 891 849 870 860 852 805 843 811 826 850 877 
843.jpg 843 868 877 826 860 807 849 850 811 852 870 889 878 855 861 876 819 856 888 893 
844.jpg 844 834 878 889 893 807 811 850 849 843 826 860 877 868 819 852 870 855 861 876 
845.jpg 845 829 825 882 830 842 832 839 876 891 849 870 860 852 805 843 811 826 850 877 
846.jpg 846 803 828 841 838 802 874 848 862 827 820 873 897 872 896 813 867 663 812 614 
847.jpg 847 877 826 843 860 868 849 807 850 811 852 870 889 878 855 861 819 876 856 888 
848.jpg 848 802 828 838 841 803 874 846 862 827 820 873 897 872 896 813 867 663 812 614 
849.jpg 849 832 857 870 839 860 852 811 826 843 868 877 850 807 855 889 861 876 878 819 
850.jpg 850 852 811 870 849 860 843 868 826 807 877 889 878 855 861 876 819 856 888 893 
851.jpg 851 835 849 832 839 870 852 805 811 850 879 860 843 868 826 861 807 877 855 889 
852.jpg 852 850 811 870 849 860 843 868 826 807 877 889 878 855 861 876 819 856 888 893 
853.jpg 853 826 807 843 877 860 868 850 849 811 852 870 889 878 855 861 819 876 856 893 
854.jpg 854 881 833 828 877 832 857 849 882 839 860 826 843 855 868 869 870 889 811 807 
855.jpg 855 860 877 868 843 826 849 807 850 811 870 852 889 878 861 876 819 856 888 893 
856.jpg 856 843 868 877 860 826 807 850 811 849 852 870 889 878 855 861 876 819 888 893 
857.jpg 857 832 849 870 839 860 852 811 826 843 868 877 850 807 855 889 861 876 878 819 
858.jpg 858 826 877 843 807 860 868 849 850 811 852 870 889 878 855 861 819 876 856 893 
859.jpg 859 880 899 895 889 818 832 849 870 891 866 879 852 863 868 811 860 850 876 855 
860.jpg 860 849 870 811 852 850 843 868 826 807 877 889 878 855 861 876 819 856 888 893 
861.jpg 861 805 811 852 870 850 849 860 843 826 807 868 877 855 889 878 876 819 856 888 
862.jpg 862 846 803 828 841 838 802 874 848 827 820 873 897 872 896 813 867 663 812 614 
863.jpg 863 891 870 849 852 811 850 868 860 843 889 866 879 855 876 861 899 832 880 878 
864.jpg 864 806 829 805 883 808 826 807 811 850 843 849 852 870 860 861 868 877 889 878 
865.jpg 865 877 826 843 868 860 807 849 850 811 852 870 889 878 855 861 819 876 856 888 
866.jpg 866 849 832 839 870 852 860 811 868 843 850 826 877 807 855 889 861 879 876 891 
867.jpg 867 828 841 838 803 802 874 846 848 862 827 820 873 897 872 896 813 663 812 614 
868.jpg 868 843 877 826 860 807 849 850 811 852 870 889 878 855 861 876 819 856 888 893 
869.jpg 869 832 839 849 857 870 860 855 877 868 843 826 882 811 850 852 807 876 889 861 
870.jpg 870 849 852 811 850 860 843 868 826 807 877 889 878 855 861 876 819 856 888 893 
871.jpg 871 836 839 849 832 835 892 834 830 879 852 805 870 829 883 899 811 860 850 861 
872.jpg 872 802 828 838 841 803 874 846 848 827 862 820 873 897 896 813 867 663 812 614 
873.jpg 873 820 846 862 803 828 841 838 802 874 848 827 897 872 896 813 867 663 812 614 
874.jpg 874 803 828 841 802 838 846 848 862 827 820 873 897 872 896 813 867 663 812 614 
875.jpg 875 882 826 877 860 843 807 849 868 811 850 870 852 855 861 876 889 878 819 856 
876.jpg 876 891 870 852 849 811 850 860 868 843 826 807 877 889 855 861 878 819 856 879 
877.jpg 877 826 843 868 860 807 849 850 811 852 870 889 878 855 861 876 819 856 888 893 
878.jpg 878 889 893 811 850 807 843 826 860 877 868 849 852 870 855 819 861 876 856 888 
879.jpg 879 866 849 870 852 811 850 860 868 843 826 807 877 889 855 861 878 876 856 819 
880.jpg 880 889 878 899 895 849 832 860 870 811 852 850 868 843 855 876 891 863 866 879 
881.jpg 881 833 828 877 882 832 857 849 839 860 826 843 868 855 870 889 811 807 850 852 
882.jpg 882 877 826 843 860 807 868 849 850 811 870 852 855 861 889 878 876 819 856 888 
883.jpg 883 805 829 806 808 811 870 852 849 850 826 807 843 860 861 868 877 889 878 832 
884.jpg 884 830 829 845 825 882 842 832 839 836 849 835 892 805 883 875 870 852 879 860 
885.jpg 885 196 193 175 162 199 147 171 181 145 144 114 149 161 159 173 134 143 183 170 
886.jpg 886 888 843 807 826 877 860 868 850 811 849 852 870 861 855 889 878 876 819 856 
887.jpg 887 260 51 31 89 4 212 282 210 90 28 153 254 255 247 217 240 269 226 580 
888.jpg 888 807 843 826 877 860 868 850 811 849 852 870 889 878 855 861 819 876 856 893 
889.jpg 889 878 893 811 850 807 843 826 860 877 868 849 852 870 855 819 861 876 856 888 
890.jpg 890 877 826 843 868 860 807 850 811 849 852 870 889 878 855 861 876 819 856 888 
891.jpg 891 870 849 852 811 850 860 868 843 826 807 877 889 855 878 861 876 819 856 879 
892.jpg 892 834 839 832 849 835 836 830 879 852 870 805 829 883 899 811 860 850 861 889 
893.jpg 893 889 878 811 850 807 843 826 860 877 868 849 852 870 855 819 861 876 856 888 
894.jpg 894 834 135 878 889 846 844 808 803 841 828 849 832 880 893 807 811 826 850 843 
895.jpg 895 899 889 880 818 832 849 870 891 866 879 852 863 811 868 850 860 876 855 861 
896.jpg 896 841 828 838 803 846 802 874 848 862 827 820 873 897 872 813 867 663 812 614 
897.jpg 897 820 827 828 838 841 803 846 802 848 874 862 873 872 896 813 867 663 812 614 
898.jpg 898 916 933 920 980 906 992 937 939 962 957 988 931 919 940 913 964 975 984 925 
899.jpg 899 889 895 880 818 832 849 870 891 866 879 852 863 811 868 850 860 876 855 861 
900.jpg 900 922 946 939 931 962 937 906 958 957 988 992 955 981 976 954 936 934 938 944 
901.jpg 901 801 545 246 290 634 113 124 179 157 623 1 223 379 723 790 645 312 667 906 
902.jpg 902 933 920 906 992 937 939 962 957 931 988 946 919 913 964 940 975 925 984 979 
903.jpg 903 913 906 962 937 939 931 957 988 992 946 958 955 964 954 981 976 922 936 934 
904.jpg 904 182 911 784 759 740 779 749 718 713 742 736 730 798 781 795 792 771 766 735 
905.jpg 905 934 939 937 962 931 906 957 946 988 958 955 992 981 922 954 976 936 938 944 
906.jpg 906 962 937 939 957 931 988 946 958 992 955 981 954 976 922 934 936 938 944 913 
907.jpg 907 988 975 979 925 935 964 940 984 941 971 942 943 932 959 998 957 962 906 937 
908.jpg 908 975 979 988 935 925 964 940 984 941 942 971 943 932 959 998 934 962 957 906 
909.jpg 909 970 954 958 937 939 931 962 906 946 957 955 992 988 981 976 922 934 936 938 
910.jpg 910 781 799 795 792 798 784 759 718 736 730 766 771 735 740 779 742 749 791 770 
911.jpg 911 913 906 962 937 939 957 931 988 992 946 958 955 964 919 920 933 940 975 925 
912.jpg 912 656 659 647 611 604 625 627 617 649 615 653 658 628 633 644 675 609 600 670 
913.jpg 913 906 962 937 939 957 931 988 946 992 958 955 981 954 976 922 936 938 934 944 
914.jpg 914 939 937 962 906 957 931 946 958 988 992 955 913 938 922 944 934 936 976 981 
915.jpg 915 24 42 75 99 23 83 43 20 38 64 91 55 72 32 5 66 82 2 81 
916.jpg 916 933 920 980 906 992 937 939 962 957 988 931 919 940 913 964 975 925 984 979 
917.jpg 917 975 988 979 925 935 940 984 964 941 971 942 943 932 959 998 983 934 962 906 
918.jpg 918 954 981 906 937 939 931 962 958 946 955 957 992 988 976 922 934 936 913 938 
919.jpg 919 957 962 906 937 939 931 988 992 946 958 955 913 964 922 981 954 976 936 934 
920.jpg 920 933 980 906 992 937 939 962 957 919 988 931 946 913 940 964 975 925 984 979 
921.jpg 921 925 988 979 975 935 940 984 964 941 971 942 943 932 959 998 983 934 962 957 
922.jpg 922 946 939 931 962 937 906 957 958 988 992 955 981 976 954 934 936 938 944 913 
923.jpg 923 922 946 939 931 937 962 906 958 957 988 992 955 981 954 976 934 936 913 938 
924.jpg 924 974 906 992 933 920 937 939 962 931 957 988 946 919 913 964 940 925 975 984 
925.jpg 925 979 988 975 935 964 940 984 941 971 942 943 932 959 998 983 934 962 957 906 
926.jpg 926 906 962 937 939 957 931 992 988 946 958 955 981 954 976 922 936 913 993 938 
927.jpg 927 992 906 937 939 962 931 957 988 946 958 955 913 936 993 976 981 954 922 900 
928.jpg 928 970 958 939 937 931 962 906 946 957 955 988 992 981 954 976 922 934 944 938 
929.jpg 929 924 925 979 964 975 988 935 984 940 941 971 942 943 932 959 998 906 957 962 
930.jpg 930 900 922 946 939 931 962 937 906 988 957 992 958 955 981 976 954 936 934 944 
931.jpg 931 939 937 962 906 957 988 946 958 992 955 981 954 976 922 934 936 938 944 913 
932.jpg 932 942 941 979 935 975 988 925 984 940 964 971 943 959 998 983 934 962 957 906 
933.jpg 933 920 980 906 992 937 939 962 957 919 988 931 946 913 940 964 975 925 984 979 
934.jpg 934 931 939 937 962 906 957 988 946 958 992 955 981 954 976 922 936 938 944 913 
935.jpg 935 975 979 988 925 964 940 984 941 971 942 943 932 959 998 983 934 962 957 906 
936.jpg 936 906 992 937 939 962 931 957 946 988 958 955 913 976 981 954 922 938 934 944 
937.jpg 937 939 906 962 957 931 988 946 958 992 955 981 954 976 922 934 936 938 944 913 
938.jpg 938 946 962 931 939 937 906 957 958 988 955 992 913 936 922 976 981 954 934 944 
939.jpg 939 937 906 962 957 931 988 946 958 992 955 981 954 976 922 934 936 938 944 913 
940.jpg 940 988 975 979 925 935 984 941 964 971 942 943 932 959 998 983 934 962 957 906 
941.jpg 941 942 979 925 988 975 935 984 940 964 971 943 932 959 998 983 934 962 957 906 
942.jpg 942 941 979 925 988 975 935 984 940 964 971 943 932 959 998 983 934 962 957 906 
943.jpg 943 942 979 975 935 988 925 971 964 941 984 940 932 959 998 983 934 962 957 906 
944.jpg 944 946 938 939 962 937 931 906 957 958 955 988 992 913 922 936 976 981 954 934 
945.jpg 945 918 954 981 906 937 939 931 962 958 946 955 957 992 988 976 922 934 936 913 
946.jpg 946 931 939 937 962 906 957 988 958 992 955 981 954 976 922 934 936 938 944 913 
947.jpg 947 986 993 992 927 906 991 913 939 937 962 931 957 988 958 946 955 936 919 933 
948.jpg 948 941 940 988 979 975 925 935 984 964 971 942 943 932 959 998 983 934 962 957 
949.jpg 949 989 906 992 937 939 962 931 957 946 988 958 955 981 954 976 922 936 934 938 
950.jpg 950 906 962 937 957 939 931 988 946 958 992 913 955 964 925 940 975 984 979 935 
951.jpg 951 975 979 988 925 935 964 940 984 941 942 971 943 932 959 998 983 934 962 906 
952.jpg 952 964 979 925 975 988 935 984 940 941 971 942 943 932 959 998 983 934 962 957 
953.jpg 953 925 979 964 988 975 935 940 984 941 942 971 943 932 959 998 983 934 962 906 
954.jpg 954 906 937 939 962 931 957 946 958 955 988 992 981 976 922 934 936 938 944 913 
955.jpg 955 939 937 931 962 906 957 946 958 988 992 981 954 976 922 934 936 938 944 913 
956.jpg 956 339 348 341 378 327 399 335 302 398 372 352 365 317 381 361 320 310 376 316 
957.jpg 957 962 937 906 939 931 988 946 958 992 955 981 954 976 922 934 936 938 944 913 
958.jpg 958 939 937 906 962 931 957 946 988 992 955 981 954 976 922 934 936 938 944 913 
959.jpg 959 925 979 975 988 964 935 940 984 941 971 942 943 932 998 983 934 962 957 906 
960.jpg 960 988 962 906 931 937 939 957 946 958 992 913 955 964 981 954 976 922 934 925 
961.jpg 961 938 946 944 939 962 931 937 906 957 958 955 988 992 913 976 922 936 993 981 
962.jpg 962 906 937 939 957 931 988 946 958 992 955 981 954 976 922 934 936 938 944 913 
963.jpg 963 981 931 939 937 906 962 958 946 955 957 988 992 954 976 922 934 970 936 938 
964.jpg 964 979 925 975 988 935 940 984 941 971 942 943 932 959 998 983 934 962 957 906 
965.jpg 965 249 255 292 283 286 284 287 285 281 288 298 203 299 270 280 289 241 239 228 
966.jpg 966 980 920 933 906 992 937 939 962 957 988 931 919 946 913 940 964 975 925 984 
967.jpg 967 934 939 937 962 931 906 957 988 946 958 955 992 981 922 954 976 936 938 944 
968.jpg 968 907 988 975 979 925 935 964 940 984 941 942 971 943 932 959 998 957 962 906 
969.jpg 969 913 906 962 937 939 957 931 988 946 958 992 955 936 938 922 976 981 954 993 
970.jpg 970 958 939 937 931 962 906 946 957 988 955 992 981 954 976 922 934 936 938 944 
971.jpg 971 979 975 935 988 925 964 984 940 941 942 943 932 959 998 983 934 962 957 906 
972.jpg 972 913 906 962 937 957 939 931 988 992 946 958 955 964 954 981 976 922 936 919 
973.jpg 973 970 958 939 937 931 962 906 946 957 955 988 992 981 954 976 922 934 938 944 
974.jpg 974 992 906 937 939 962 931 957 988 946 958 955 981 954 976 922 936 913 993 938 
975.jpg 975 979 988 925 935 964 940 984 941 971 942 943 932 959 998 983 934 962 957 906 
976.jpg 976 931 939 937 962 906 957 946 988 958 992 955 981 954 922 934 936 938 944 913 
977.jpg 977 906 937 939 962 957 931 988 946 958 992 955 981 954 976 922 934 936 938 944 
978.jpg 978 975 979 988 935 925 964 940 984 941 971 942 943 932 998 959 983 934 962 957 
979.jpg 979 975 988 925 935 964 940 984 941 971 942 943 932 959 998 983 934 962 957 906 
980.jpg 980 933 920 906 992 937 939 962 957 919 988 931 946 913 940 964 975 925 984 979 
981.jpg 981 931 937 939 962 906 958 946 957 988 992 955 954 976 922 934 936 938 944 913 
982.jpg 982 88 58 47 5 61 54 12 80 57 48 81 99 56 94 45 91 86 18 78 
983.jpg 983 964 979 925 975 988 935 940 984 941 942 971 943 932 959 998 934 962 957 906 
984.jpg 984 979 925 988 975 935 940 941 964 971 942 943 932 959 998 983 934 962 957 906 
985.jpg 985 988 979 975 925 935 984 940 941 964 971 942 943 932 959 998 957 962 906 937 
986.jpg 986 993 992 927 906 939 937 962 931 957 913 988 946 958 955 936 976 981 954 922 
987.jpg 987 979 975 988 925 935 964 984 940 941 971 942 943 932 959 998 983 934 962 957 
988.jpg 988 975 979 925 935 964 940 984 941 971 942 943 932 959 998 983 934 962 957 906 
989.jpg 989 906 992 937 939 962 931 957 946 988 958 955 981 954 976 922 936 934 938 944 
990.jpg 990 988 975 979 925 935 940 984 964 941 942 971 943 932 959 998 957 962 906 937 
991.jpg 991 992 906 937 939 962 957 931 988 946 958 913 955 936 993 976 954 981 922 900 
992.jpg 992 906 937 939 962 931 957 988 946 958 955 981 954 976 922 934 936 938 944 913 
993.jpg 993 992 906 939 937 962 931 957 988 946 958 955 913 976 936 954 981 922 938 944 
994.jpg 994 958 939 937 906 962 931 946 957 988 992 955 981 922 976 954 934 970 944 938 
995.jpg 995 596 589 591 595 599 592 586 593 584 585 597 588 587 581 594 583 598 527 504 
996.jpg 996 961 986 913 993 992 906 939 962 937 931 957 946 958 955 988 976 936 938 922 
997.jpg 997 928 970 958 939 937 931 962 906 946 957 955 988 992 913 954 981 976 922 934 
998.jpg 998 971 979 975 935 925 988 964 940 984 941 942 943 932 959 983 934 962 957 906 
999.jpg 999 983 964 979 925 975 988 935 940 984 941 942 971 943 932 959 998 934 962 906 
